./instancias/experimentos_full/i080-044_sft 1194 0.043212 0.025068 18 14 1075.5 1194 71
./instancias/experimentos_full/i080-044_sft 1194 0.037584 0.022332 18 14 1075.5 1194 71
./instancias/experimentos_full/i080-044_sft 1194 0.035374 0.020314 18 14 1075.5 1194 71
./instancias/experimentos_full/i080-044_sft 1194 0.033045 0.019328 18 14 1075.5 1194 71
./instancias/experimentos_full/i080-044_sft 1194 0.033597 0.019959 18 14 1075.5 1194 71
./instancias/experimentos_full/i080-044_sft 1194 0.033783 0.019912 18 14 1075.5 1194 71
./instancias/experimentos_full/i080-044_sft 1194 0.033231 0.019465 18 14 1075.5 1194 71
./instancias/experimentos_full/i080-044_sft 1194 0.033047 0.019522 18 14 1075.5 1194 71
./instancias/experimentos_full/i080-044_sft 1194 0.033768 0.020166 18 14 1075.5 1194 71
./instancias/experimentos_full/i080-044_sft 1194 0.034055 0.020051 18 14 1075.5 1194 71
./instancias/experimentos_full/i080-111_sft 1777 0.065261 0.039285 4 3 1588.29 1777 160
./instancias/experimentos_full/i080-111_sft 1777 0.115884 0.076205 12 8 1588.29 1777 233
./instancias/experimentos_full/i080-111_sft 1777 0.064441 0.038131 4 3 1588.29 1777 160
./instancias/experimentos_full/i080-111_sft 1777 0.087953 0.055633 14 10 1588.29 1777 181
./instancias/experimentos_full/i080-111_sft 1777 0.083184 0.054559 14 10 1588.29 1777 181
./instancias/experimentos_full/i080-111_sft 1777 0.085583 0.056109 14 10 1588.29 1777 181
./instancias/experimentos_full/i080-111_sft 1777 0.066046 0.03817 4 3 1588.29 1777 160
./instancias/experimentos_full/i080-111_sft 1777 0.112363 0.074192 12 8 1588.29 1777 233
./instancias/experimentos_full/i080-111_sft 1777 0.064368 0.038516 4 3 1588.29 1777 160
./instancias/experimentos_full/i080-111_sft 1777 0.082453 0.054314 14 10 1588.29 1777 181
./instancias/experimentos_full/i080-143_sft 1479 0.014384 0.006369 6 5 1372.5 1479 17
./instancias/experimentos_full/i080-143_sft 1479 0.018219 0.007854 6 5 1372.5 1479 17
./instancias/experimentos_full/i080-143_sft 1479 0.016412 0.007089 6 5 1372.5 1479 17
./instancias/experimentos_full/i080-143_sft 1479 0.016712 0.00747 6 5 1372.5 1479 17
./instancias/experimentos_full/i080-143_sft 1479 0.014369 0.006194 6 5 1372.5 1479 17
./instancias/experimentos_full/i080-143_sft 1479 0.015733 0.006772 6 5 1372.5 1479 17
./instancias/experimentos_full/i080-143_sft 1479 0.014955 0.006591 6 5 1372.5 1479 17
./instancias/experimentos_full/i080-143_sft 1479 0.014677 0.006613 6 5 1372.5 1479 17
./instancias/experimentos_full/i080-143_sft 1479 0.014726 0.006296 6 5 1372.5 1479 17
./instancias/experimentos_full/i080-143_sft 1479 0.014494 0.006179 6 5 1372.5 1479 17
./instancias/experimentos_full/i080-212_sft 3353 0.133104 0.061351 41 18 2565 3353 310
./instancias/experimentos_full/i080-212_sft 3353 0.117829 0.052503 41 18 2565 3353 310
./instancias/experimentos_full/i080-212_sft 3353 0.11244 0.049448 41 18 2565 3353 310
./instancias/experimentos_full/i080-212_sft 3353 0.115863 0.051545 41 18 2565 3353 310
./instancias/experimentos_full/i080-212_sft 3353 0.112836 0.049542 41 18 2565 3353 310
./instancias/experimentos_full/i080-212_sft 3353 0.144938 0.061273 41 18 2565 3353 310
./instancias/experimentos_full/i080-212_sft 3353 0.113213 0.050016 41 18 2565 3353 310
./instancias/experimentos_full/i080-212_sft 3353 0.112522 0.049619 41 18 2565 3353 310
./instancias/experimentos_full/i080-212_sft 3353 0.113814 0.049732 41 18 2565 3353 310
./instancias/experimentos_full/i080-212_sft 3353 0.111586 0.048882 41 18 2565 3353 310
./instancias/experimentos_full/i080-213_sft 3076 0.07239 0.031455 9 8 2679.67 3076 184
./instancias/experimentos_full/i080-213_sft 3076 0.070272 0.030398 9 8 2679.67 3076 184
./instancias/experimentos_full/i080-213_sft 3076 0.085221 0.037113 9 8 2679.67 3076 184
./instancias/experimentos_full/i080-213_sft 3076 0.069443 0.030149 9 8 2679.67 3076 184
./instancias/experimentos_full/i080-213_sft 3076 0.074357 0.032862 9 8 2679.67 3076 184
./instancias/experimentos_full/i080-213_sft 3076 0.075498 0.032949 9 8 2679.67 3076 184
./instancias/experimentos_full/i080-213_sft 3076 0.071255 0.031105 9 8 2679.67 3076 184
./instancias/experimentos_full/i080-213_sft 3076 0.07052 0.03061 9 8 2679.67 3076 184
./instancias/experimentos_full/i080-213_sft 3076 0.071651 0.031075 9 8 2679.67 3076 184
./instancias/experimentos_full/i080-213_sft 3076 0.077151 0.033047 9 8 2679.67 3076 184
./instancias/experimentos_full/i080-214_sft 3258 0.050585 0.019471 14 13 2597 3258 130
./instancias/experimentos_full/i080-214_sft 3258 0.04407 0.016666 14 13 2597 3258 130
./instancias/experimentos_full/i080-214_sft 3258 0.043519 0.017092 14 13 2597 3258 130
./instancias/experimentos_full/i080-214_sft 3258 0.044007 0.017414 14 13 2597 3258 130
./instancias/experimentos_full/i080-214_sft 3258 0.046116 0.017717 14 13 2597 3258 130
./instancias/experimentos_full/i080-214_sft 3258 0.04382 0.01748 14 13 2597 3258 130
./instancias/experimentos_full/i080-214_sft 3258 0.043781 0.016982 14 13 2597 3258 130
./instancias/experimentos_full/i080-214_sft 3258 0.043523 0.017277 14 13 2597 3258 130
./instancias/experimentos_full/i080-214_sft 3258 0.043961 0.017089 14 13 2597 3258 130
./instancias/experimentos_full/i080-214_sft 3258 0.04378 0.016959 14 13 2597 3258 130
./instancias/experimentos_full/i080-215_sft 3477 0.373695 0.199958 293 32 2619 3477 675
./instancias/experimentos_full/i080-215_sft 3477 0.363606 0.195827 293 32 2619 3477 675
./instancias/experimentos_full/i080-215_sft 3477 0.369535 0.198487 293 32 2619 3477 675
./instancias/experimentos_full/i080-215_sft 3477 0.362913 0.193661 293 32 2619 3477 675
./instancias/experimentos_full/i080-215_sft 3477 0.371241 0.19884 293 32 2619 3477 675
./instancias/experimentos_full/i080-215_sft 3477 0.380173 0.201076 293 32 2619 3477 675
./instancias/experimentos_full/i080-215_sft 3477 0.367816 0.197253 293 32 2619 3477 675
./instancias/experimentos_full/i080-215_sft 3477 0.365453 0.196492 293 32 2619 3477 675
./instancias/experimentos_full/i080-215_sft 3477 0.363545 0.195825 293 32 2619 3477 675
./instancias/experimentos_full/i080-215_sft 3477 0.370715 0.19944 293 32 2619 3477 675
./instancias/experimentos_full/i080-235_sft 4339 0.070926 0.037604 20 19 3333.25 4339 207
./instancias/experimentos_full/i080-235_sft 4339 0.068892 0.036982 20 19 3333.25 4339 207
./instancias/experimentos_full/i080-235_sft 4339 0.068289 0.03666 20 19 3333.25 4339 207
./instancias/experimentos_full/i080-235_sft 4339 0.070076 0.037033 20 19 3333.25 4339 207
./instancias/experimentos_full/i080-235_sft 4339 0.073978 0.039841 20 19 3333.25 4339 207
./instancias/experimentos_full/i080-235_sft 4339 0.068066 0.035514 20 19 3333.25 4339 207
./instancias/experimentos_full/i080-235_sft 4339 0.070634 0.037348 20 19 3333.25 4339 207
./instancias/experimentos_full/i080-235_sft 4339 0.066318 0.035951 20 19 3333.25 4339 207
./instancias/experimentos_full/i080-235_sft 4339 0.066229 0.035205 20 19 3333.25 4339 207
./instancias/experimentos_full/i080-235_sft 4339 0.067579 0.036251 20 19 3333.25 4339 207
./instancias/experimentos_full/i080-241_sft 2971 0.353204 0.157552 163 18 2441 2971 514
./instancias/experimentos_full/i080-241_sft 2971 0.626671 0.261806 408 32 2441 2971 670
./instancias/experimentos_full/i080-241_sft 2971 0.347519 0.155837 163 18 2441 2971 514
./instancias/experimentos_full/i080-241_sft 2971 0.349472 0.154552 163 18 2441 2971 514
./instancias/experimentos_full/i080-241_sft 2971 0.64379 0.270114 423 32 2441 2971 666
./instancias/experimentos_full/i080-241_sft 2971 0.613354 0.252483 408 32 2441 2971 670
./instancias/experimentos_full/i080-241_sft 2971 0.618051 0.253598 423 32 2441 2971 666
./instancias/experimentos_full/i080-241_sft 2971 0.622921 0.257901 423 32 2441 2971 666
./instancias/experimentos_full/i080-241_sft 2971 0.619756 0.256132 423 32 2441 2971 666
./instancias/experimentos_full/i080-241_sft 2971 0.348658 0.155601 163 18 2441 2971 514
./instancias/experimentos_full/i080-243_sft 2883 0.110418 0.0441 39 16 2567.25 2883 210
./instancias/experimentos_full/i080-243_sft 2883 0.108106 0.042982 39 16 2567.25 2883 210
./instancias/experimentos_full/i080-243_sft 2883 0.109049 0.042522 39 16 2567.25 2883 210
./instancias/experimentos_full/i080-243_sft 2883 0.111564 0.043574 39 16 2567.25 2883 210
./instancias/experimentos_full/i080-243_sft 2883 0.109366 0.043376 39 16 2567.25 2883 210
./instancias/experimentos_full/i080-243_sft 2883 0.110952 0.04363 39 16 2567.25 2883 210
./instancias/experimentos_full/i080-243_sft 2883 0.122576 0.048794 39 16 2567.25 2883 210
./instancias/experimentos_full/i080-243_sft 2883 0.110217 0.043668 39 16 2567.25 2883 210
./instancias/experimentos_full/i080-243_sft 2883 0.110353 0.043414 39 16 2567.25 2883 210
./instancias/experimentos_full/i080-243_sft 2883 0.108895 0.042984 39 16 2567.25 2883 210
./instancias/experimentos_full/i080-244_sft 3065 0.274504 0.120801 104 21 2605 3065 418
./instancias/experimentos_full/i080-244_sft 3065 0.27279 0.119607 104 21 2605 3065 418
./instancias/experimentos_full/i080-244_sft 3065 0.274797 0.120665 104 21 2605 3065 418
./instancias/experimentos_full/i080-244_sft 3065 0.276053 0.120575 104 21 2605 3065 418
./instancias/experimentos_full/i080-244_sft 3065 0.265375 0.115383 104 21 2605 3065 418
./instancias/experimentos_full/i080-244_sft 3065 0.271442 0.118895 104 21 2605 3065 418
./instancias/experimentos_full/i080-244_sft 3065 0.275014 0.120057 104 21 2605 3065 418
./instancias/experimentos_full/i080-244_sft 3065 0.268048 0.117152 104 21 2605 3065 418
./instancias/experimentos_full/i080-244_sft 3065 0.266927 0.116772 104 21 2605 3065 418
./instancias/experimentos_full/i080-244_sft 3065 0.266315 0.116529 104 21 2605 3065 418
./instancias/experimentos_full/i080-245_sft 2959 0.144873 0.058776 42 39 2470 2959 279
./instancias/experimentos_full/i080-245_sft 2959 0.145483 0.059578 42 39 2470 2959 279
./instancias/experimentos_full/i080-245_sft 2959 0.151287 0.06211 42 39 2470 2959 279
./instancias/experimentos_full/i080-245_sft 2959 0.145532 0.059783 42 39 2470 2959 279
./instancias/experimentos_full/i080-245_sft 2959 0.155316 0.063566 42 39 2470 2959 279
./instancias/experimentos_full/i080-245_sft 2959 0.147552 0.059308 42 39 2470 2959 279
./instancias/experimentos_full/i080-245_sft 2959 0.144581 0.058613 42 39 2470 2959 279
./instancias/experimentos_full/i080-245_sft 2959 0.149151 0.060376 42 39 2470 2959 279
./instancias/experimentos_full/i080-245_sft 2959 0.155319 0.06389 42 39 2470 2959 279
./instancias/experimentos_full/i080-245_sft 2959 0.147142 0.059891 42 39 2470 2959 279
./instancias/experimentos_full/i080-305_sft 5718 0.035557 0.01587 21 20 4529 5718 143
./instancias/experimentos_full/i080-305_sft 5643 0.047053 0.023764 21 20 4529 5643 179
./instancias/experimentos_full/i080-305_sft 5718 0.037149 0.016829 21 20 4529 5718 143
./instancias/experimentos_full/i080-305_sft 5643 0.048734 0.025656 21 20 4529 5643 179
./instancias/experimentos_full/i080-305_sft 5643 0.047659 0.023867 21 20 4529 5643 179
./instancias/experimentos_full/i080-305_sft 5643 0.047241 0.023912 21 20 4529 5643 179
./instancias/experimentos_full/i080-305_sft 5718 0.035621 0.016247 21 20 4529 5718 143
./instancias/experimentos_full/i080-305_sft 5643 0.050737 0.02567 21 20 4529 5643 179
./instancias/experimentos_full/i080-305_sft 5643 0.046895 0.023517 21 20 4529 5643 179
./instancias/experimentos_full/i080-305_sft 5718 0.036896 0.016899 21 20 4529 5718 143
./instancias/experimentos_full/i080-312_sft 4316 0.177519 0.07414 31 24 3345.33 4316 551
./instancias/experimentos_full/i080-312_sft 4316 0.166761 0.071184 31 24 3345.33 4316 551
./instancias/experimentos_full/i080-312_sft 4316 0.18706 0.079055 31 24 3345.33 4316 551
./instancias/experimentos_full/i080-312_sft 4316 0.171227 0.07336 31 24 3345.33 4316 551
./instancias/experimentos_full/i080-312_sft 4316 0.168398 0.072014 31 24 3345.33 4316 551
./instancias/experimentos_full/i080-312_sft 4316 0.167206 0.070842 31 24 3345.33 4316 551
./instancias/experimentos_full/i080-312_sft 4316 0.164023 0.068924 31 24 3345.33 4316 551
./instancias/experimentos_full/i080-312_sft 4316 0.178558 0.075826 31 24 3345.33 4316 551
./instancias/experimentos_full/i080-312_sft 4316 0.173327 0.073479 31 24 3345.33 4316 551
./instancias/experimentos_full/i080-312_sft 4316 0.168554 0.071071 31 24 3345.33 4316 551
./instancias/experimentos_full/i080-314_sft 4250 1.07834 0.827444 16 15 3399.5 4250 1141
./instancias/experimentos_full/i080-314_sft 4250 1.10486 0.854728 16 15 3399.5 4250 1141
./instancias/experimentos_full/i080-314_sft 4250 1.10744 0.854926 16 15 3399.5 4250 1141
./instancias/experimentos_full/i080-314_sft 4250 1.11873 0.865711 16 15 3399.5 4250 1141
./instancias/experimentos_full/i080-314_sft 4250 1.12494 0.864669 16 15 3399.5 4250 1141
./instancias/experimentos_full/i080-314_sft 4250 1.0585 0.814525 16 15 3399.5 4250 1141
./instancias/experimentos_full/i080-314_sft 4250 1.09174 0.83716 16 15 3399.5 4250 1141
./instancias/experimentos_full/i080-314_sft 4250 1.11827 0.861822 16 15 3399.5 4250 1141
./instancias/experimentos_full/i080-314_sft 4250 1.08483 0.839095 16 15 3399.5 4250 1141
./instancias/experimentos_full/i080-314_sft 4250 1.12058 0.867747 16 15 3399.5 4250 1141
./instancias/experimentos_full/i080-315_sft 4044 0.156178 0.061808 88 20 3284 4044 351
./instancias/experimentos_full/i080-315_sft 4044 0.154138 0.061297 88 20 3284 4044 351
./instancias/experimentos_full/i080-315_sft 4044 0.155061 0.061994 88 20 3284 4044 351
./instancias/experimentos_full/i080-315_sft 4044 0.161427 0.06423 88 20 3284 4044 351
./instancias/experimentos_full/i080-315_sft 4044 0.15287 0.060785 88 20 3284 4044 351
./instancias/experimentos_full/i080-315_sft 4044 0.152328 0.061348 88 20 3284 4044 351
./instancias/experimentos_full/i080-315_sft 4044 0.154324 0.061483 88 20 3284 4044 351
./instancias/experimentos_full/i080-315_sft 4044 0.154158 0.061084 88 20 3284 4044 351
./instancias/experimentos_full/i080-315_sft 4044 0.152537 0.060384 88 20 3284 4044 351
./instancias/experimentos_full/i080-315_sft 4044 0.166304 0.066623 88 20 3284 4044 351
./instancias/experimentos_full/i080-331_sft 4983 0.085671 0.04209 23 22 3780.75 4983 376
./instancias/experimentos_full/i080-331_sft 4983 0.105713 0.053464 23 22 3780.75 4983 376
./instancias/experimentos_full/i080-331_sft 4983 0.086982 0.042669 23 22 3780.75 4983 376
./instancias/experimentos_full/i080-331_sft 4983 0.087512 0.043145 23 22 3780.75 4983 376
./instancias/experimentos_full/i080-331_sft 4983 0.090623 0.045986 23 22 3780.75 4983 376
./instancias/experimentos_full/i080-331_sft 4983 0.087207 0.04317 23 22 3780.75 4983 376
./instancias/experimentos_full/i080-331_sft 4983 0.086542 0.042749 23 22 3780.75 4983 376
./instancias/experimentos_full/i080-331_sft 4983 0.086415 0.042884 23 22 3780.75 4983 376
./instancias/experimentos_full/i080-331_sft 4983 0.086522 0.042899 23 22 3780.75 4983 376
./instancias/experimentos_full/i080-331_sft 4983 0.105124 0.052275 23 22 3780.75 4983 376
./instancias/experimentos_full/i080-332_sft 5016 0.083063 0.038145 25 24 3794.5 5016 273
./instancias/experimentos_full/i080-332_sft 5070 0.041088 0.017458 22 21 3794.5 5070 194
./instancias/experimentos_full/i080-332_sft 5016 1.42214 1.15321 302 284 3794.5 5016 1404
./instancias/experimentos_full/i080-332_sft 5016 0.071765 0.032592 25 24 3794.5 5016 273
./instancias/experimentos_full/i080-332_sft 5016 1.44307 1.17183 302 284 3794.5 5016 1404
./instancias/experimentos_full/i080-332_sft 5016 0.070905 0.031835 25 24 3794.5 5016 273
./instancias/experimentos_full/i080-332_sft 5070 0.04209 0.018145 22 21 3794.5 5070 194
./instancias/experimentos_full/i080-332_sft 5016 0.072142 0.032875 25 24 3794.5 5016 273
./instancias/experimentos_full/i080-332_sft 5016 0.072441 0.032884 25 24 3794.5 5016 273
./instancias/experimentos_full/i080-332_sft 5016 0.071335 0.031631 25 24 3794.5 5016 273
./instancias/experimentos_full/i080-342_sft 3667 4.72771 2.75889 1383 1210 2987.25 3667 2561
./instancias/experimentos_full/i080-342_sft 3667 4.68621 2.73358 1383 1210 2987.25 3667 2561
./instancias/experimentos_full/i080-342_sft 3667 4.59268 2.69936 1383 1210 2987.25 3667 2561
./instancias/experimentos_full/i080-342_sft 3667 4.74406 2.77822 1383 1210 2987.25 3667 2561
./instancias/experimentos_full/i080-342_sft 3667 4.64186 2.72468 1383 1210 2987.25 3667 2561
./instancias/experimentos_full/i080-342_sft 3667 4.79933 2.81831 1383 1210 2987.25 3667 2561
./instancias/experimentos_full/i080-342_sft 3667 4.77175 2.78807 1383 1210 2987.25 3667 2561
./instancias/experimentos_full/i080-342_sft 3667 4.57802 2.68006 1383 1210 2987.25 3667 2561
./instancias/experimentos_full/i080-342_sft 3667 4.75582 2.77725 1383 1210 2987.25 3667 2561
./instancias/experimentos_full/i080-342_sft 3667 4.74284 2.77215 1383 1210 2987.25 3667 2561
./instancias/experimentos_full/i080-343_sft 4005 1852.74 1812.36 34890 30154 3038 3994.12 36834
./instancias/experimentos_full/i080-343_sft 4005 1662.45 1626.95 32000 14560 3038 4004.03 30940
./instancias/experimentos_full/i080-343_sft 4005 843.976 814.527 27874 35 3038 4004.13 28060
./instancias/experimentos_full/i080-343_sft 4005 1853.14 1811.94 34426 30154 3038 3988.33 36807
./instancias/experimentos_full/i080-343_sft 4005 1685.63 1650.04 32000 14560 3038 4004.03 30940
./instancias/experimentos_full/i080-343_sft 4005 1677.36 1642.12 32000 14560 3038 4004.03 30940
./instancias/experimentos_full/i080-343_sft 4005 828.996 799.455 27874 35 3038 4004.13 28060
./instancias/experimentos_full/i080-343_sft 4005 1852.23 1810.93 34768 30154 3038 3992.82 36823
./instancias/experimentos_full/i080-343_sft 4005 1642.76 1607.59 32000 14560 3038 4004.03 30940
./instancias/experimentos_full/i080-343_sft 4005 1677.62 1641.55 32000 14560 3038 4004.03 30940
./instancias/experimentos_full/i080-344_sft 4108 15.1377 13.0405 1439 35 3096 4108 3454
./instancias/experimentos_full/i080-344_sft 4108 15.8879 13.6658 1439 35 3096 4108 3454
./instancias/experimentos_full/i080-344_sft 4108 15.1462 13.0497 1439 35 3096 4108 3454
./instancias/experimentos_full/i080-344_sft 4108 15.1347 13.0286 1439 35 3096 4108 3454
./instancias/experimentos_full/i080-344_sft 4108 15.7728 13.5665 1439 35 3096 4108 3454
./instancias/experimentos_full/i080-344_sft 4108 15.5891 13.4081 1439 35 3096 4108 3454
./instancias/experimentos_full/i080-344_sft 4108 15.7574 13.5775 1439 35 3096 4108 3454
./instancias/experimentos_full/i080-344_sft 4108 15.1479 13.0491 1439 35 3096 4108 3454
./instancias/experimentos_full/i080-344_sft 4108 16.0344 13.7989 1439 35 3096 4108 3454
./instancias/experimentos_full/i080-344_sft 4108 15.7526 13.5573 1439 35 3096 4108 3454
./instancias/experimentos_full/i080-345_sft 3759 18.0087 12.7815 4676 3140 3063.75 3758.25 5102
./instancias/experimentos_full/i080-345_sft 3759 21.7418 16.2679 4589 3311 3063.75 3758.06 5150
./instancias/experimentos_full/i080-345_sft 3759 18.2437 12.8478 4676 3140 3063.75 3758.25 5102
./instancias/experimentos_full/i080-345_sft 3759 21.4107 16.3681 4278 2837 3063.75 3758.5 5669
./instancias/experimentos_full/i080-345_sft 3759 21.8001 16.2967 4589 3311 3063.75 3758.06 5150
./instancias/experimentos_full/i080-345_sft 3759 21.6157 16.1649 4589 3311 3063.75 3758.06 5150
./instancias/experimentos_full/i080-345_sft 3759 17.9796 12.7798 4676 3140 3063.75 3758.25 5102
./instancias/experimentos_full/i080-345_sft 3759 21.5225 16.4864 4278 2837 3063.75 3758.5 5669
./instancias/experimentos_full/i080-345_sft 3759 21.0117 15.7299 4589 3311 3063.75 3758.06 5150
./instancias/experimentos_full/i080-345_sft 3759 20.9618 15.716 4589 3311 3063.75 3758.06 5150
./instancias/experimentos_full/i160-033_sft 1864 0.06081 0.034799 9 7 1790.97 1864 73
./instancias/experimentos_full/i160-033_sft 1864 0.051587 0.030977 9 7 1790.97 1864 73
./instancias/experimentos_full/i160-033_sft 1864 0.051287 0.030715 9 7 1790.97 1864 73
./instancias/experimentos_full/i160-033_sft 1864 0.052323 0.030941 9 7 1790.97 1864 73
./instancias/experimentos_full/i160-033_sft 1864 0.050872 0.030578 9 7 1790.97 1864 73
./instancias/experimentos_full/i160-033_sft 1864 0.059636 0.03564 9 7 1790.97 1864 73
./instancias/experimentos_full/i160-033_sft 1864 0.051358 0.030864 9 7 1790.97 1864 73
./instancias/experimentos_full/i160-033_sft 1864 0.057969 0.0341 9 7 1790.97 1864 73
./instancias/experimentos_full/i160-033_sft 1864 0.050589 0.030603 9 7 1790.97 1864 73
./instancias/experimentos_full/i160-033_sft 1864 0.050524 0.030633 9 7 1790.97 1864 73
./instancias/experimentos_full/i160-043_sft 1188 0.04889 0.014118 3 2 1178 1188 35
./instancias/experimentos_full/i160-043_sft 1188 0.049273 0.014416 3 2 1178 1188 35
./instancias/experimentos_full/i160-043_sft 1188 0.049186 0.014132 3 2 1178 1188 35
./instancias/experimentos_full/i160-043_sft 1188 0.050981 0.014057 3 2 1178 1188 35
./instancias/experimentos_full/i160-043_sft 1188 0.062846 0.01985 3 2 1178 1188 35
./instancias/experimentos_full/i160-043_sft 1188 0.051649 0.015265 3 2 1178 1188 35
./instancias/experimentos_full/i160-043_sft 1188 0.052136 0.014844 3 2 1178 1188 35
./instancias/experimentos_full/i160-043_sft 1188 0.058308 0.017873 3 2 1178 1188 35
./instancias/experimentos_full/i160-043_sft 1188 0.04878 0.014328 3 2 1178 1188 35
./instancias/experimentos_full/i160-043_sft 1188 0.05985 0.019282 3 2 1178 1188 35
./instancias/experimentos_full/i160-045_sft 1463 0.248128 0.092652 9 6 1307.5 1463 222
./instancias/experimentos_full/i160-045_sft 1463 0.304898 0.124874 8 5 1307.5 1463 252
./instancias/experimentos_full/i160-045_sft 1463 0.303667 0.125524 8 5 1307.5 1463 252
./instancias/experimentos_full/i160-045_sft 1463 0.247382 0.093681 18 17 1307.5 1463 207
./instancias/experimentos_full/i160-045_sft 1463 0.241479 0.090605 18 17 1307.5 1463 207
./instancias/experimentos_full/i160-045_sft 1463 0.242116 0.090524 9 6 1307.5 1463 222
./instancias/experimentos_full/i160-045_sft 1463 0.239983 0.091486 18 17 1307.5 1463 207
./instancias/experimentos_full/i160-045_sft 1463 0.305116 0.124884 8 5 1307.5 1463 252
./instancias/experimentos_full/i160-045_sft 1463 0.241526 0.090809 9 6 1307.5 1463 222
./instancias/experimentos_full/i160-045_sft 1463 0.238444 0.08978 9 6 1307.5 1463 222
./instancias/experimentos_full/i160-112_sft 2848 1.98527 1.50543 222 16 2276.17 2848 856
./instancias/experimentos_full/i160-112_sft 2848 1.94346 1.47288 222 16 2276.17 2848 856
./instancias/experimentos_full/i160-112_sft 2848 1.96852 1.54877 93 15 2276.17 2848 900
./instancias/experimentos_full/i160-112_sft 2848 1.9547 1.48457 222 16 2276.17 2848 856
./instancias/experimentos_full/i160-112_sft 2848 1.86241 1.40952 191 16 2276.17 2848 850
./instancias/experimentos_full/i160-112_sft 2848 2.32612 1.84385 93 15 2276.17 2848 900
./instancias/experimentos_full/i160-112_sft 2848 2.15893 1.70623 93 15 2276.17 2848 900
./instancias/experimentos_full/i160-112_sft 2848 1.97427 1.49432 191 16 2276.17 2848 850
./instancias/experimentos_full/i160-112_sft 2848 2.15439 1.63028 191 16 2276.17 2848 850
./instancias/experimentos_full/i160-112_sft 2848 1.98903 1.51293 191 16 2276.17 2848 850
./instancias/experimentos_full/i160-115_sft 2482 0.065648 0.01803 10 9 2057.5 2482 116
./instancias/experimentos_full/i160-115_sft 2482 0.054679 0.01437 10 9 2057.5 2482 116
./instancias/experimentos_full/i160-115_sft 2482 0.055932 0.014674 10 9 2057.5 2482 116
./instancias/experimentos_full/i160-115_sft 2482 0.060165 0.015967 10 9 2057.5 2482 116
./instancias/experimentos_full/i160-115_sft 2482 0.0557 0.0146 10 9 2057.5 2482 116
./instancias/experimentos_full/i160-115_sft 2482 0.055255 0.014694 10 9 2057.5 2482 116
./instancias/experimentos_full/i160-115_sft 2482 0.059723 0.016158 10 9 2057.5 2482 116
./instancias/experimentos_full/i160-115_sft 2482 0.057836 0.015522 10 9 2057.5 2482 116
./instancias/experimentos_full/i160-115_sft 2482 0.056488 0.01538 10 9 2057.5 2482 116
./instancias/experimentos_full/i160-115_sft 2482 0.060292 0.015415 10 9 2057.5 2482 116
./instancias/experimentos_full/i160-142_sft 2244 1.05478 0.375124 147 146 1851 2244 523
./instancias/experimentos_full/i160-142_sft 2244 1.04023 0.372018 147 146 1851 2244 523
./instancias/experimentos_full/i160-142_sft 2244 1.01157 0.354538 147 146 1851 2244 523
./instancias/experimentos_full/i160-142_sft 2244 0.998735 0.351151 147 146 1851 2244 523
./instancias/experimentos_full/i160-142_sft 2244 1.02042 0.353322 147 146 1851 2244 523
./instancias/experimentos_full/i160-142_sft 2244 1.01195 0.354947 147 146 1851 2244 523
./instancias/experimentos_full/i160-142_sft 2244 1.29638 0.475861 147 146 1851 2244 523
./instancias/experimentos_full/i160-142_sft 2244 1.35826 0.495566 147 146 1851 2244 523
./instancias/experimentos_full/i160-142_sft 2244 1.35607 0.488747 147 146 1851 2244 523
./instancias/experimentos_full/i160-142_sft 2244 1.22029 0.446158 147 146 1851 2244 523
./instancias/experimentos_full/i160-144_sft 2265 0.371758 0.107709 25 14 2009.5 2265 195
./instancias/experimentos_full/i160-144_sft 2265 0.298376 0.084481 25 14 2009.5 2265 195
./instancias/experimentos_full/i160-144_sft 2265 0.413085 0.125109 30 17 2009.5 2265 204
./instancias/experimentos_full/i160-144_sft 2265 0.267588 0.075922 24 15 2009.5 2265 161
./instancias/experimentos_full/i160-144_sft 2265 0.309579 0.087957 25 14 2009.5 2265 195
./instancias/experimentos_full/i160-144_sft 2265 0.443669 0.137779 25 14 2009.5 2265 209
./instancias/experimentos_full/i160-144_sft 2265 0.219067 0.060694 24 15 2009.5 2265 161
./instancias/experimentos_full/i160-144_sft 2265 0.427511 0.132061 25 14 2009.5 2265 209
./instancias/experimentos_full/i160-144_sft 2265 0.281742 0.079867 24 15 2009.5 2265 161
./instancias/experimentos_full/i160-144_sft 2265 0.499471 0.152923 25 14 2009.5 2265 209
./instancias/experimentos_full/i160-201_sft 6923 0.130612 0.040711 32 31 5264 6923 396
./instancias/experimentos_full/i160-201_sft 6923 0.141657 0.044789 32 31 5264 6923 396
./instancias/experimentos_full/i160-201_sft 6923 0.132952 0.041151 32 31 5264 6923 396
./instancias/experimentos_full/i160-201_sft 6923 0.129636 0.039782 32 31 5264 6923 396
./instancias/experimentos_full/i160-201_sft 6923 0.144657 0.046324 32 31 5264 6923 396
./instancias/experimentos_full/i160-201_sft 6923 0.151135 0.048485 32 31 5264 6923 396
./instancias/experimentos_full/i160-201_sft 6923 0.138497 0.043899 32 31 5264 6923 396
./instancias/experimentos_full/i160-201_sft 6923 0.141638 0.044857 32 31 5264 6923 396
./instancias/experimentos_full/i160-201_sft 6923 0.13751 0.042969 32 31 5264 6923 396
./instancias/experimentos_full/i160-201_sft 6923 0.12949 0.04041 32 31 5264 6923 396
./instancias/experimentos_full/i160-211_sft 5305 0.97024 0.367694 166 26 4132.75 5305 1103
./instancias/experimentos_full/i160-211_sft 5305 0.961422 0.36182 166 26 4132.75 5305 1103
./instancias/experimentos_full/i160-211_sft 5305 0.97276 0.364875 166 26 4132.75 5305 1103
./instancias/experimentos_full/i160-211_sft 5305 0.967751 0.365807 166 26 4132.75 5305 1103
./instancias/experimentos_full/i160-211_sft 5305 0.988286 0.372563 166 26 4132.75 5305 1103
./instancias/experimentos_full/i160-211_sft 5305 0.965339 0.364698 166 26 4132.75 5305 1103
./instancias/experimentos_full/i160-211_sft 5305 0.992277 0.375668 166 26 4132.75 5305 1103
./instancias/experimentos_full/i160-211_sft 5305 1.00601 0.379845 166 26 4132.75 5305 1103
./instancias/experimentos_full/i160-211_sft 5305 0.977638 0.369859 166 26 4132.75 5305 1103
./instancias/experimentos_full/i160-211_sft 5305 0.963704 0.36301 166 26 4132.75 5305 1103
./instancias/reduzido/i160-212_sft 5489 0.661754 0.229676 57 31 4052.5 5488.5 988
./instancias/reduzido/i160-212_sft 5489 0.660029 0.230146 57 31 4052.5 5488.5 988
./instancias/reduzido/i160-212_sft 5489 0.666339 0.236045 57 31 4052.5 5488.5 988
./instancias/reduzido/i160-212_sft 5489 0.66052 0.232553 57 31 4052.5 5488.5 988
./instancias/reduzido/i160-212_sft 5489 0.661379 0.230794 57 31 4052.5 5488.5 988
./instancias/reduzido/i160-212_sft 5489 0.65628 0.229151 57 31 4052.5 5488.5 988
./instancias/reduzido/i160-212_sft 5489 0.657208 0.229092 57 31 4052.5 5488.5 988
./instancias/reduzido/i160-212_sft 5489 0.651835 0.226403 57 31 4052.5 5488.5 988
./instancias/reduzido/i160-212_sft 5489 0.659425 0.229594 57 31 4052.5 5488.5 988
./instancias/reduzido/i160-212_sft 5489 0.650488 0.226963 57 31 4052.5 5488.5 988
./instancias/reduzido/i160-213_sft 5300 1.33019 0.574835 121 78 4083 5300 1045
./instancias/reduzido/i160-213_sft 5300 1.29232 0.56299 121 78 4083 5300 1045
./instancias/reduzido/i160-213_sft 5300 1.29635 0.564489 121 78 4083 5300 1045
./instancias/reduzido/i160-213_sft 5300 1.27797 0.551278 121 78 4083 5300 1045
./instancias/reduzido/i160-213_sft 5300 1.3012 0.56324 121 78 4083 5300 1045
./instancias/reduzido/i160-213_sft 5300 1.32385 0.57324 121 78 4083 5300 1045
./instancias/reduzido/i160-213_sft 5300 1.30514 0.567031 121 78 4083 5300 1045
./instancias/reduzido/i160-213_sft 5300 1.29767 0.56593 121 78 4083 5300 1045
./instancias/reduzido/i160-213_sft 5300 1.28633 0.561284 121 78 4083 5300 1045
./instancias/reduzido/i160-213_sft 5300 1.3257 0.574748 121 78 4083 5300 1045
./instancias/reduzido/i160-214_sft 5524 2.16887 1.22709 109 28 4270.5 5524 1873
./instancias/reduzido/i160-214_sft 5524 2.23083 1.2652 109 28 4270.5 5524 1873
./instancias/reduzido/i160-214_sft 5524 2.17392 1.23201 109 28 4270.5 5524 1873
./instancias/reduzido/i160-214_sft 5524 2.28935 1.3021 109 28 4270.5 5524 1873
./instancias/reduzido/i160-214_sft 5524 2.18844 1.24849 109 28 4270.5 5524 1873
./instancias/reduzido/i160-214_sft 5524 2.28809 1.29632 109 28 4270.5 5524 1873
./instancias/reduzido/i160-214_sft 5524 2.17306 1.23099 109 28 4270.5 5524 1873
./instancias/reduzido/i160-214_sft 5524 2.13507 1.21373 109 28 4270.5 5524 1873
./instancias/reduzido/i160-214_sft 5524 2.10888 1.18946 109 28 4270.5 5524 1873
./instancias/reduzido/i160-214_sft 5524 2.21878 1.25537 109 28 4270.5 5524 1873
./instancias/reduzido/i160-215_sft 5328 166.912 151.8 6613 733 3926.5 5327.5 13132
./instancias/reduzido/i160-215_sft 5328 172.302 156.705 6613 733 3926.5 5327.5 13132
./instancias/reduzido/i160-215_sft 5328 321.577 298.508 9015 1617 3926.5 5327.25 16431
./instancias/reduzido/i160-215_sft 5328 165.57 150.504 6613 733 3926.5 5327.5 13132
./instancias/reduzido/i160-215_sft 5328 1872.83 1822.35 17408 625 3926.5 5034.75 40636
./instancias/reduzido/i160-215_sft 5328 169.351 154.176 6613 733 3926.5 5327.5 13132
./instancias/reduzido/i160-215_sft 5328 1872.17 1821.93 17398 625 3926.5 5034.75 40589
./instancias/reduzido/i160-215_sft 5328 1874.08 1824.06 17410 625 3926.5 5034.75 40749
./instancias/reduzido/i160-215_sft 5328 1872.09 1821.75 17331 625 3926.5 5034.5 40545
./instancias/reduzido/i160-215_sft 5328 320.111 296.948 9015 1617 3926.5 5327.25 16431
./instancias/reduzido/i160-232_sft 6451 0.218527 0.066042 32 31 4831.73 6451 492
./instancias/reduzido/i160-232_sft 6451 0.217575 0.06677 33 32 4831.73 6451 500
./instancias/reduzido/i160-232_sft 6451 0.220024 0.066918 33 32 4831.73 6451 500
./instancias/reduzido/i160-232_sft 6451 0.221369 0.068438 33 32 4831.73 6451 500
./instancias/reduzido/i160-232_sft 6451 0.217863 0.066441 33 32 4831.73 6451 500
./instancias/reduzido/i160-232_sft 6451 0.21686 0.066051 32 31 4831.73 6451 492
./instancias/reduzido/i160-232_sft 6451 0.23132 0.068585 33 32 4831.73 6451 500
./instancias/reduzido/i160-232_sft 6451 0.223689 0.068272 32 31 4831.73 6451 492
./instancias/reduzido/i160-232_sft 6540 0.255934 0.103537 42 39 4831.73 6540 511
./instancias/reduzido/i160-232_sft 6451 0.221568 0.067597 32 31 4831.73 6451 492
./instancias/reduzido/i160-241_sft 4428 6.60684 1.73785 734 38 3635.5 4428 1909
./instancias/reduzido/i160-241_sft 4428 3.60162 0.841364 345 81 3635.5 4428 1274
./instancias/reduzido/i160-241_sft 4428 3.61565 0.84476 345 81 3635.5 4428 1274
./instancias/reduzido/i160-241_sft 4428 3.63763 0.847546 345 81 3635.5 4428 1274
./instancias/reduzido/i160-241_sft 4428 12.2301 4.42318 1242 38 3635.5 4428 3100
./instancias/reduzido/i160-241_sft 4428 11.8573 4.28106 1242 38 3635.5 4428 3100
./instancias/reduzido/i160-241_sft 4428 12.0182 4.37328 1242 38 3635.5 4428 3100
./instancias/reduzido/i160-241_sft 4428 12.0794 4.36193 1242 38 3635.5 4428 3100
./instancias/reduzido/i160-241_sft 4428 11.9225 4.31613 1242 38 3635.5 4428 3100
./instancias/reduzido/i160-241_sft 4428 3.55335 0.831703 345 81 3635.5 4428 1274
./instancias/reduzido/i160-242_sft 4438 197.014 156.481 6465 1544 3609 4437.5 14202
./instancias/reduzido/i160-242_sft 4438 195.949 156.093 6465 1544 3609 4437.5 14202
./instancias/reduzido/i160-242_sft 4438 256.4 205.933 7707 1728 3609 4437.25 15771
./instancias/reduzido/i160-242_sft 4438 257.935 207.515 7707 1728 3609 4437.25 15771
./instancias/reduzido/i160-242_sft 4438 198.359 157.649 6654 1524 3609 4437.5 14204
./instancias/reduzido/i160-242_sft 4438 198.997 157.858 6654 1524 3609 4437.5 14204
./instancias/reduzido/i160-242_sft 4438 196.684 156.149 6654 1524 3609 4437.5 14204
./instancias/reduzido/i160-242_sft 4438 198.032 157.626 6654 1524 3609 4437.5 14204
./instancias/reduzido/i160-242_sft 4438 198.074 157.506 6654 1524 3609 4437.5 14204
./instancias/reduzido/i160-242_sft 4438 196.318 155.755 6465 1544 3609 4437.5 14202
./instancias/reduzido/i160-243_sft 4433 32.6378 25.7422 535 21 3630.5 4432.25 4621
./instancias/reduzido/i160-243_sft 4433 33.2236 26.2193 535 21 3630.5 4432.25 4621
./instancias/reduzido/i160-243_sft 4433 32.3523 25.542 535 21 3630.5 4432.25 4621
./instancias/reduzido/i160-243_sft 4433 31.5518 24.8411 535 21 3630.5 4432.25 4621
./instancias/reduzido/i160-243_sft 4433 31.622 24.9522 535 21 3630.5 4432.25 4621
./instancias/reduzido/i160-243_sft 4433 31.6725 24.9758 535 21 3630.5 4432.25 4621
./instancias/reduzido/i160-243_sft 4433 31.6201 24.9104 535 21 3630.5 4432.25 4621
./instancias/reduzido/i160-243_sft 4433 32.2216 25.4315 535 21 3630.5 4432.25 4621
./instancias/reduzido/i160-243_sft 4433 32.1026 25.3259 535 21 3630.5 4432.25 4621
./instancias/reduzido/i160-243_sft 4433 31.6621 24.9846 535 21 3630.5 4432.25 4621
./instancias/reduzido/i160-244_sft 4307 0.638764 0.147694 19 17 3602.67 4307 387
./instancias/reduzido/i160-244_sft 4307 0.630177 0.143823 19 17 3602.67 4307 387
./instancias/reduzido/i160-244_sft 4307 0.620737 0.140425 19 17 3602.67 4307 387
./instancias/reduzido/i160-244_sft 4307 0.622614 0.140673 19 17 3602.67 4307 387
./instancias/reduzido/i160-244_sft 4307 0.630636 0.143373 19 17 3602.67 4307 387
./instancias/reduzido/i160-244_sft 4307 0.63099 0.144265 19 17 3602.67 4307 387
./instancias/reduzido/i160-244_sft 4307 0.624776 0.141231 19 17 3602.67 4307 387
./instancias/reduzido/i160-244_sft 4307 0.632307 0.143671 19 17 3602.67 4307 387
./instancias/reduzido/i160-244_sft 4307 0.620867 0.14103 19 17 3602.67 4307 387
./instancias/reduzido/i160-244_sft 4307 0.608155 0.13812 19 17 3602.67 4307 387
./instancias/reduzido/i160-245_sft 4532 1930.61 1762.83 20766 52 3593.5 4246.5 41658
./instancias/reduzido/i160-245_sft 4532 1930.1 1764.61 20740 52 3593.5 4246.25 41522
./instancias/reduzido/i160-245_sft 4532 1930.43 1763.15 20800 52 3593.5 4246.65 41677
./instancias/reduzido/i160-245_sft 4532 1930.04 1761.96 20743 52 3593.5 4246.25 41579
./instancias/reduzido/i160-245_sft 4532 1930.91 1762.94 20801 52 3593.5 4246.65 41677
./instancias/reduzido/i160-245_sft 4532 1930.2 1762.01 20753 52 3593.5 4246.5 41621
./instancias/reduzido/i160-245_sft 4532 1933.94 1767.03 20360 52 3593.5 4244 41241
