Instância Best_Integer Tempo_Total Tempo_Solver #Nós Nó_Solução LP Melhor_Bound #Cortes
./instancias/reduzido/i160-341_sft 7503 2059.44 1865.62 8427 233 5900.62 6153 49841
./instancias/reduzido/i160-341_sft 7493 2103.98 1918.4 7326 4872 5900.62 6145.5 49610
./instancias/reduzido/i160-341_sft 7504 2076.78 1913.78 6333 2804 5900.62 6162.5 41816
./instancias/reduzido/i160-341_sft 7504 2075.42 1914.27 6322 2804 5900.62 6162.5 41701
./instancias/reduzido/i160-341_sft 7504 2076.26 1913.46 6330 2804 5900.62 6162.5 41801
./instancias/reduzido/i160-341_sft 7499 2106.32 1920.33 7429 3165 5900.62 6154.25 49822
./instancias/reduzido/i160-341_sft 7499 2105.57 1914.9 7166 3165 5900.62 6152.5 48218
./instancias/reduzido/i160-341_sft 7491 2074.23 1876.63 7671 1272 5900.62 6154.5 47612
./instancias/reduzido/i160-341_sft 7491 2134.42 1936.7 6236 1333 5900.62 6146.5 42540
./instancias/reduzido/i160-341_sft 7503 2061.34 1860.58 7983 233 5900.62 6148.5 48291
./instancias/reduzido/i160-342_sft 7571 2057.43 1939.34 3756 1595 5904.75 6282.25 32663
./instancias/reduzido/i160-342_sft 7489 2053.49 1923.59 4538 106 5904.75 6327.83 34718
./instancias/reduzido/i160-342_sft 7485 2036.34 1932.06 2974 103 5904.75 6292 29995
./instancias/reduzido/i160-342_sft 7485 2037.86 1933.7 2978 103 5904.75 6292 30056
./instancias/reduzido/i160-342_sft 7489 2053.85 1923.92 4538 106 5904.75 6327.83 34718
./instancias/reduzido/i160-342_sft 7489 2050.86 1921.16 4520 106 5904.75 6327.83 34615
./instancias/reduzido/i160-342_sft 7489 2051.62 1921.45 4533 106 5904.75 6327.83 34695
./instancias/reduzido/i160-342_sft 7485 2038.04 1934.52 2968 103 5904.75 6292 29984
./instancias/reduzido/i160-342_sft 7485 2039.8 1935.99 2988 103 5904.75 6292 30157
./instancias/reduzido/i160-342_sft 7489 2052.17 1922.74 4538 106 5904.75 6327.83 34718
./instancias/reduzido/i160-343_sft 7560 2056.48 1779.56 11948 132 5920 6333.5 67423
./instancias/reduzido/i160-343_sft 7559 2060.91 1754.75 13853 154 5920 6296.75 80082
./instancias/reduzido/i160-343_sft 7554 2051.28 1755.36 13366 120 5920 6349.5 75890
./instancias/reduzido/i160-343_sft 7559 2060.38 1755.32 13868 154 5920 6296.75 80143
./instancias/reduzido/i160-343_sft 7560 2057.36 1780.33 12178 132 5920 6333.75 68463
./instancias/reduzido/i160-343_sft 7753 2034.97 1668.45 18332 5597 5920 6311 84236
./instancias/reduzido/i160-343_sft 7560 2039.11 1700.66 15700 154 5920 6275.25 79610
./instancias/reduzido/i160-343_sft 7554 2054.59 1811.27 10052 130 5920 6290 68498
./instancias/reduzido/i160-343_sft 7554 2054.62 1761.3 13551 121 5920 6349.5 79682
./instancias/reduzido/i160-343_sft 7554 2055.44 1811.7 10093 130 5920 6290 68625
./instancias/reduzido/i160-344_sft 7637 2016.79 1694.65 16450 152 5952.75 6335.5 66319
./instancias/reduzido/i160-344_sft 7637 2040.96 1746.78 14275 170 5952.75 6330.75 67177
./instancias/reduzido/i160-344_sft 7637 2027.85 1714.04 15564 169 5952.75 6334.5 71786
./instancias/reduzido/i160-344_sft 7637 2026.73 1772.12 12103 153 5952.75 6323.5 59714
./instancias/reduzido/i160-344_sft 7637 2027.9 1714.94 15585 169 5952.75 6334.5 71847
./instancias/reduzido/i160-344_sft 7841 2069.26 1934.78 4976 237 5952.75 6241.5 30259
./instancias/reduzido/i160-344_sft 7637 2017.01 1698.09 15427 158 5952.75 6313 69228
./instancias/reduzido/i160-344_sft 7841 2067.83 1932.37 4976 237 5952.75 6241.5 30238
./instancias/reduzido/i160-344_sft 7637 2051.61 1813.36 11005 159 5952.75 6319.75 58780
./instancias/reduzido/i160-344_sft 7637 2015.06 1692.93 16450 152 5952.75 6335.5 66261
./instancias/reduzido/i160-345_sft 7356 2072 1913.53 6547 147 5891.75 6107 40436
./instancias/reduzido/i160-345_sft 7356 2074.82 1916.55 6548 147 5891.75 6107 40634
./instancias/reduzido/i160-345_sft 7356 2070.49 1912.58 6849 153 5891.75 6106.5 41936
./instancias/reduzido/i160-345_sft 7356 2050.96 1873.6 8609 153 5891.75 6109.5 44571
./instancias/reduzido/i160-345_sft 7356 2058.01 1846.82 10321 141 5891.75 6105.75 53759
./instancias/reduzido/i160-345_sft 7451 2108.7 1958.55 6088 1158 5891.75 6097.5 44668
./instancias/reduzido/i160-345_sft 7529 2049.67 1899.46 6701 160 5891.75 6095.5 40384
./instancias/reduzido/i160-345_sft 7455 2100.71 1966.87 4738 154 5891.75 6090 39073
./instancias/reduzido/i160-345_sft 7356 2050.81 1852.96 10210 151 5891.75 6115 50191
./instancias/reduzido/i160-345_sft 7517 2067.37 1884.31 8635 167 5891.75 6100 45193
./instancias/reduzido/i320-011_sft 1854 0.155356 0.037421 7 6 1618.83 1854 94
./instancias/reduzido/i320-011_sft 1854 0.156322 0.037761 7 6 1618.83 1854 94
./instancias/reduzido/i320-011_sft 1854 0.157224 0.037654 7 6 1618.83 1854 94
./instancias/reduzido/i320-011_sft 1854 0.158441 0.038286 7 6 1618.83 1854 94
./instancias/reduzido/i320-011_sft 1854 0.159724 0.037681 7 6 1618.83 1854 94
./instancias/reduzido/i320-011_sft 1854 0.162044 0.037635 7 6 1618.83 1854 94
./instancias/reduzido/i320-011_sft 1854 0.155139 0.037709 7 6 1618.83 1854 94
./instancias/reduzido/i320-011_sft 1854 0.178437 0.042063 7 6 1618.83 1854 94
./instancias/reduzido/i320-011_sft 1854 0.197464 0.047078 7 6 1618.83 1854 94
./instancias/reduzido/i320-011_sft 1854 0.177469 0.042833 7 6 1618.83 1854 94
./instancias/reduzido/i320-014_sft 1858 0.180324 0.100158 11 7 1576 1858 185
./instancias/reduzido/i320-014_sft 1858 0.178285 0.097992 11 7 1576 1858 185
./instancias/reduzido/i320-014_sft 1858 0.228904 0.130737 11 7 1576 1858 185
./instancias/reduzido/i320-014_sft 1858 0.189791 0.107807 11 7 1576 1858 185
./instancias/reduzido/i320-014_sft 1858 0.194767 0.10962 11 7 1576 1858 185
./instancias/reduzido/i320-014_sft 1858 0.175024 0.097641 11 7 1576 1858 185
./instancias/reduzido/i320-014_sft 1858 0.181257 0.101764 11 7 1576 1858 185
./instancias/reduzido/i320-014_sft 1858 0.179669 0.100804 11 7 1576 1858 185
./instancias/reduzido/i320-014_sft 1858 0.179715 0.09958 11 7 1576 1858 185
./instancias/reduzido/i320-014_sft 1858 0.182315 0.101466 11 7 1576 1858 185
./instancias/reduzido/i320-015_sft 1781 0.138991 0.02933 4 3 1586.75 1781 83
./instancias/reduzido/i320-015_sft 1781 0.142343 0.029573 4 3 1586.75 1781 83
./instancias/reduzido/i320-015_sft 1781 0.139111 0.029881 4 3 1586.75 1781 83
./instancias/reduzido/i320-015_sft 1781 0.136586 0.0297 4 3 1586.75 1781 83
./instancias/reduzido/i320-015_sft 1781 0.137101 0.029919 4 3 1586.75 1781 83
./instancias/reduzido/i320-015_sft 1781 0.139058 0.030036 4 3 1586.75 1781 83
./instancias/reduzido/i320-015_sft 1781 0.13688 0.029662 4 3 1586.75 1781 83
./instancias/reduzido/i320-015_sft 1781 0.138689 0.029569 4 3 1586.75 1781 83
./instancias/reduzido/i320-015_sft 1781 0.136393 0.029586 4 3 1586.75 1781 83
./instancias/reduzido/i320-015_sft 1781 0.136891 0.029199 4 3 1586.75 1781 83
./instancias/experimentos/i320-031_sft 2577 0.337937 0.173609 14 13 2095.5 2577 310
./instancias/experimentos/i320-031_sft 2577 0.350003 0.180718 14 13 2095.5 2577 310
./instancias/experimentos/i320-031_sft 2577 0.334918 0.172841 14 13 2095.5 2577 310
./instancias/experimentos/i320-031_sft 2577 0.416517 0.218902 14 13 2095.5 2577 310
./instancias/experimentos/i320-031_sft 2577 0.294386 0.150736 14 13 2095.5 2577 310
./instancias/experimentos/i320-031_sft 2577 0.314361 0.161533 14 13 2095.5 2577 310
./instancias/experimentos/i320-031_sft 2577 0.304758 0.155372 14 13 2095.5 2577 310
./instancias/experimentos/i320-031_sft 2577 0.318226 0.164125 14 13 2095.5 2577 310
./instancias/experimentos/i320-031_sft 2577 0.401179 0.20896 14 13 2095.5 2577 310
./instancias/experimentos/i320-031_sft 2577 0.438323 0.216957 14 13 2095.5 2577 310
./instancias/experimentos/i320-032_sft 2379 0.504978 0.332313 11 6 2192 2379 349
./instancias/experimentos/i320-032_sft 2379 0.512956 0.336428 11 6 2192 2379 349
./instancias/experimentos/i320-032_sft 2379 0.335212 0.218265 11 6 2192 2379 349
./instancias/experimentos/i320-032_sft 2379 0.342197 0.222982 11 6 2192 2379 349
./instancias/experimentos/i320-032_sft 2379 0.335281 0.218713 11 6 2192 2379 349
./instancias/experimentos/i320-032_sft 2379 0.33742 0.221254 11 6 2192 2379 349
./instancias/experimentos/i320-032_sft 2379 0.352968 0.231217 11 6 2192 2379 349
./instancias/experimentos/i320-032_sft 2379 0.359295 0.235727 11 6 2192 2379 349
./instancias/experimentos/i320-032_sft 2379 0.363971 0.239019 11 6 2192 2379 349
./instancias/experimentos/i320-032_sft 2379 0.362101 0.237457 11 6 2192 2379 349
./instancias/experimentos/i320-043_sft 1372 0.317404 0.04165 5 3 1281 1372 65
./instancias/experimentos/i320-043_sft 1372 0.327211 0.043253 5 3 1281 1372 65
./instancias/experimentos/i320-043_sft 1372 0.316853 0.041506 5 3 1281 1372 65
./instancias/experimentos/i320-043_sft 1372 0.325939 0.042176 5 3 1281 1372 65
./instancias/experimentos/i320-043_sft 1372 0.309826 0.041748 5 3 1281 1372 65
./instancias/experimentos/i320-043_sft 1372 0.316068 0.041432 5 3 1281 1372 65
./instancias/experimentos/i320-043_sft 1372 0.317202 0.042008 5 3 1281 1372 65
./instancias/experimentos/i320-043_sft 1372 0.326689 0.042384 5 3 1281 1372 65
./instancias/experimentos/i320-043_sft 1372 0.326226 0.043137 5 3 1281 1372 65
./instancias/experimentos/i320-043_sft 1372 0.320996 0.042383 5 3 1281 1372 65
./instancias/experimentos/i320-111_sft 4241 0.470102 0.124468 26 25 3451.5 4241 444
./instancias/experimentos/i320-111_sft 4241 0.475382 0.12639 26 25 3451.5 4241 444
./instancias/experimentos/i320-111_sft 4241 0.474213 0.125068 26 25 3451.5 4241 444
./instancias/experimentos/i320-111_sft 4241 0.530381 0.147118 26 25 3451.5 4241 444
./instancias/experimentos/i320-111_sft 4241 0.593712 0.165816 26 25 3451.5 4241 444
./instancias/experimentos/i320-111_sft 4241 0.489546 0.128602 26 25 3451.5 4241 444
./instancias/experimentos/i320-111_sft 4241 0.495583 0.132782 26 25 3451.5 4241 444
./instancias/experimentos/i320-111_sft 4241 0.508045 0.137181 26 25 3451.5 4241 444
./instancias/experimentos/i320-111_sft 4241 0.490438 0.131704 26 25 3451.5 4241 444
./instancias/experimentos/i320-111_sft 4241 0.582323 0.15824 26 25 3451.5 4241 444
./instancias/experimentos/i320-112_sft 3674 0.831313 0.186615 13 12 3312.4 3674 625
./instancias/experimentos/i320-112_sft 3674 0.744419 0.165932 13 12 3312.4 3674 625
./instancias/experimentos/i320-112_sft 3674 0.811553 0.185386 13 12 3312.4 3674 625
./instancias/experimentos/i320-112_sft 3674 0.866452 0.194688 13 12 3312.4 3674 625
./instancias/experimentos/i320-112_sft 3674 0.706352 0.158132 13 12 3312.4 3674 625
./instancias/experimentos/i320-112_sft 3674 0.767583 0.170018 13 12 3312.4 3674 625
./instancias/experimentos/i320-112_sft 3674 0.753128 0.169011 13 12 3312.4 3674 625
./instancias/experimentos/i320-112_sft 3674 0.749299 0.167893 13 12 3312.4 3674 625
./instancias/experimentos/i320-112_sft 3674 0.703389 0.158095 13 12 3312.4 3674 625
./instancias/experimentos/i320-112_sft 3674 0.708159 0.157959 13 12 3312.4 3674 625
./instancias/experimentos/i320-113_sft 3742 2.49983 1.50079 21 19 3152.31 3742 1154
./instancias/experimentos/i320-113_sft 3742 1.53822 0.506249 71 19 3152.31 3742 881
./instancias/experimentos/i320-113_sft 3742 2.43117 1.51817 21 19 3152.31 3742 1154
./instancias/experimentos/i320-113_sft 3742 3.7024 1.55936 180 175 3152.31 3742 1445
./instancias/experimentos/i320-113_sft 3742 2.13206 1.32811 21 19 3152.31 3742 1154
./instancias/experimentos/i320-113_sft 3742 2.87764 1.14244 180 175 3152.31 3742 1445
./instancias/experimentos/i320-113_sft 3742 2.12119 1.31943 21 19 3152.31 3742 1154
./instancias/experimentos/i320-113_sft 3742 2.12601 1.31464 21 19 3152.31 3742 1154
./instancias/experimentos/i320-113_sft 3742 2.66021 1.05232 180 175 3152.31 3742 1445
./instancias/experimentos/i320-113_sft 3742 0.971785 0.304604 71 19 3152.31 3742 881
./instancias/experimentos/i320-114_sft 3758 0.478778 0.111768 17 16 3238.5 3758 428
./instancias/experimentos/i320-114_sft 3758 0.516699 0.12015 17 16 3238.5 3758 428
./instancias/experimentos/i320-114_sft 3758 0.473682 0.111398 17 16 3238.5 3758 428
./instancias/experimentos/i320-114_sft 3758 0.486091 0.114303 17 16 3238.5 3758 428
./instancias/experimentos/i320-114_sft 3758 0.477071 0.111287 17 16 3238.5 3758 428
./instancias/experimentos/i320-114_sft 3758 0.494721 0.115061 17 16 3238.5 3758 428
./instancias/experimentos/i320-114_sft 3758 0.478718 0.111877 17 16 3238.5 3758 428
./instancias/experimentos/i320-114_sft 3758 0.479334 0.111941 17 16 3238.5 3758 428
./instancias/experimentos/i320-114_sft 3758 0.480413 0.111856 17 16 3238.5 3758 428
./instancias/experimentos/i320-114_sft 3758 0.474986 0.110991 17 16 3238.5 3758 428
./instancias/experimentos/i320-115_sft 4138 167.922 151.504 4058 3582 3170 4137.12 8834
./instancias/experimentos/i320-115_sft 4138 165.941 149.662 4058 3582 3170 4137.12 8834
./instancias/experimentos/i320-115_sft 4138 168.093 151.446 4058 3582 3170 4137.12 8834
./instancias/experimentos/i320-115_sft 4138 176.639 159.428 4058 3582 3170 4137.12 8834
./instancias/experimentos/i320-115_sft 4138 168.049 151.502 4058 3582 3170 4137.12 8834
./instancias/experimentos/i320-115_sft 4138 167.779 151.216 4058 3582 3170 4137.12 8834
./instancias/experimentos/i320-115_sft 4138 165.711 149.267 4058 3582 3170 4137.12 8834
./instancias/experimentos/i320-115_sft 4138 167.926 151.369 4058 3582 3170 4137.12 8834
./instancias/experimentos/i320-115_sft 4138 177.206 159.601 4058 3582 3170 4137.12 8834
./instancias/experimentos/i320-115_sft 4138 167.704 151.223 4058 3582 3170 4137.12 8834
./instancias/experimentos/i320-135_sft 5573 2.21756 1.54183 33 30 4286.56 5573 1360
./instancias/experimentos/i320-135_sft 5573 2.44626 1.70373 33 30 4286.56 5573 1360
./instancias/experimentos/i320-135_sft 5573 2.2387 1.55794 33 30 4286.56 5573 1360
./instancias/experimentos/i320-135_sft 5573 2.22235 1.53868 33 30 4286.56 5573 1360
./instancias/experimentos/i320-135_sft 5573 2.19929 1.52371 33 30 4286.56 5573 1360
./instancias/experimentos/i320-135_sft 5573 2.47931 1.72682 33 30 4286.56 5573 1360
./instancias/experimentos/i320-135_sft 5573 2.22685 1.54776 33 30 4286.56 5573 1360
./instancias/experimentos/i320-135_sft 5573 2.23559 1.55202 33 30 4286.56 5573 1360
./instancias/experimentos/i320-135_sft 5573 2.44737 1.70326 33 30 4286.56 5573 1360
./instancias/experimentos/i320-135_sft 5573 2.41822 1.67684 33 30 4286.56 5573 1360
./instancias/experimentos/i320-141_sft 3278 37.7938 9.82297 1168 26 2587.25 3277.5 3218
./instancias/experimentos/i320-141_sft 3278 37.207 9.70084 1168 26 2587.25 3277.5 3218
./instancias/experimentos/i320-141_sft 3278 37.2503 9.7015 1168 26 2587.25 3277.5 3218
./instancias/experimentos/i320-141_sft 3278 37.3058 9.70525 1168 26 2587.25 3277.5 3218
./instancias/experimentos/i320-141_sft 3278 37.2966 9.71604 1168 26 2587.25 3277.5 3218
./instancias/experimentos/i320-141_sft 3278 38.1529 10.1398 1168 26 2587.25 3277.5 3218
./instancias/experimentos/i320-141_sft 3278 37.7335 9.79069 1168 26 2587.25 3277.5 3218
./instancias/experimentos/i320-141_sft 3278 37.6954 9.76293 1168 26 2587.25 3277.5 3218
./instancias/experimentos/i320-141_sft 3278 44.9353 11.3741 1168 26 2587.25 3277.5 3218
./instancias/experimentos/i320-141_sft 3278 42.0775 10.7569 1168 26 2587.25 3277.5 3218
./instancias/experimentos/i320-145_sft 3303 1928.62 1868.55 458 24 2620.5 3202 9229
./instancias/experimentos/i320-145_sft 3303 1781.1 1708.49 620 25 2620.5 3303 8059
./instancias/experimentos/i320-145_sft 3303 575.068 533.918 658 24 2620.5 3303 6369
./instancias/experimentos/i320-145_sft 3303 1927.88 1868.72 458 24 2620.5 3202 9260
./instancias/experimentos/i320-145_sft 3303 1171.28 1113.67 659 31 2620.5 3303 8070
./instancias/experimentos/i320-145_sft 3303 1959.15 1891.6 539 30 2620.5 3203.62 8819
./instancias/experimentos/i320-145_sft 3303 1264.93 1204.81 752 29 2620.5 3303 8649
./instancias/experimentos/i320-145_sft 3303 1147.93 1091.46 659 31 2620.5 3303 8070
./instancias/experimentos/i320-145_sft 3303 733.499 690.331 591 24 2620.5 3303 7318
./instancias/experimentos/i320-145_sft 3303 1176.16 1118.93 659 31 2620.5 3303 8070
./instancias/experimentos/i320-205_sft 10479 0.857385 0.181361 50 49 8183.83 10479 1172
./instancias/experimentos/i320-205_sft 10479 0.733871 0.154844 50 49 8183.83 10479 1172
./instancias/experimentos/i320-205_sft 10479 0.788523 0.168249 50 49 8183.83 10479 1172
./instancias/experimentos/i320-205_sft 10479 0.801321 0.16951 50 49 8183.83 10479 1172
./instancias/experimentos/i320-205_sft 10495 0.648734 0.106097 53 52 8183.83 10495 953
./instancias/experimentos/i320-205_sft 10479 0.8958 0.194045 50 49 8183.83 10479 1172
./instancias/experimentos/i320-205_sft 10479 0.770903 0.165482 50 49 8183.83 10479 1172
./instancias/experimentos/i320-205_sft 10495 0.625999 0.099602 49 48 8183.83 10495 920
./instancias/experimentos/i320-205_sft 10479 0.796299 0.168822 50 49 8183.83 10479 1172
./instancias/experimentos/i320-205_sft 10479 0.791972 0.167559 50 49 8183.83 10479 1172
./instancias/experimentos/i320-211_sft 7582 27.3876 19.281 339 41 6004.18 7582 4536
./instancias/experimentos/i320-211_sft 7582 65.3291 57.9559 39 38 6004.18 7582 5447
./instancias/experimentos/i320-211_sft 7582 65.8243 58.359 39 38 6004.18 7582 5447
./instancias/experimentos/i320-211_sft 7582 42.0891 33.9297 254 40 6004.18 7581.94 4948
./instancias/experimentos/i320-211_sft 7582 27.9267 19.5682 339 41 6004.18 7582 4536
./instancias/experimentos/i320-211_sft 7582 65.3763 57.9853 39 38 6004.18 7582 5447
./instancias/experimentos/i320-211_sft 7582 27.3875 19.2354 339 41 6004.18 7582 4536
./instancias/experimentos/i320-211_sft 7582 42.0432 33.8394 254 40 6004.18 7581.94 4948
./instancias/experimentos/i320-211_sft 7582 29.4461 20.6894 339 41 6004.18 7582 4536
./instancias/experimentos/i320-211_sft 7582 47.8407 38.8097 254 40 6004.18 7581.94 4948
./instancias/experimentos/i320-212_sft 7746 3.07758 0.733803 34 33 6086.95 7746 1805
./instancias/experimentos/i320-212_sft 7746 3.78676 1.10509 47 36 6086.95 7746 1781
./instancias/experimentos/i320-212_sft 7746 4.27914 1.25974 47 36 6086.95 7746 1781
./instancias/experimentos/i320-212_sft 7746 3.10942 0.834184 34 33 6086.95 7746 1901
./instancias/experimentos/i320-212_sft 7746 2.83104 0.65505 34 33 6086.95 7746 1805
./instancias/experimentos/i320-212_sft 7746 3.06684 0.854846 47 36 6086.95 7746 1781
./instancias/experimentos/i320-212_sft 7746 3.13471 0.850962 34 33 6086.95 7746 1901
./instancias/experimentos/i320-212_sft 7746 3.13469 0.842836 34 33 6086.95 7746 1901
./instancias/experimentos/i320-212_sft 7746 2.83203 0.65689 34 33 6086.95 7746 1805
./instancias/experimentos/i320-212_sft 7746 3.01954 0.845937 47 36 6086.95 7746 1781
./instancias/experimentos/i320-213_sft 7176 44.7108 22.5819 2952 35 5738.62 7176 7910
./instancias/experimentos/i320-213_sft 7176 47.6507 24.0881 2952 35 5738.62 7176 7910
./instancias/experimentos/i320-213_sft 7176 46.6439 23.6718 2952 35 5738.62 7176 7910
./instancias/experimentos/i320-213_sft 7176 44.4342 22.3866 2952 35 5738.62 7176 7910
./instancias/experimentos/i320-213_sft 7176 49.2461 25.0999 2952 35 5738.62 7176 7910
./instancias/experimentos/i320-213_sft 7176 49.707 25.124 2952 35 5738.62 7176 7910
./instancias/experimentos/i320-213_sft 7176 65.889 34.0335 2952 35 5738.62 7176 7910
./instancias/experimentos/i320-213_sft 7176 51.1254 25.891 2952 35 5738.62 7176 7910
./instancias/experimentos/i320-213_sft 7176 48.4396 24.5837 2952 35 5738.62 7176 7910
./instancias/experimentos/i320-213_sft 7176 50.3609 25.6301 2952 35 5738.62 7176 7910
./instancias/experimentos/i320-214_sft 7662 3.45387 0.96317 38 37 5913 7662 1805
./instancias/experimentos/i320-214_sft 7662 3.48629 0.972233 38 37 5913 7662 1805
./instancias/experimentos/i320-214_sft 7662 3.45387 0.967381 38 37 5913 7662 1805
./instancias/experimentos/i320-214_sft 7662 3.31085 0.937374 38 37 5913 7662 1805
./instancias/experimentos/i320-214_sft 7662 3.48105 0.985266 38 37 5913 7662 1805
./instancias/experimentos/i320-214_sft 7662 3.24322 0.923198 38 37 5913 7662 1805
./instancias/experimentos/i320-214_sft 7662 3.26418 0.921024 38 37 5913 7662 1805
./instancias/experimentos/i320-214_sft 7662 3.50793 0.992634 38 37 5913 7662 1805
./instancias/experimentos/i320-214_sft 7662 3.39532 0.941699 38 37 5913 7662 1805
./instancias/experimentos/i320-214_sft 7662 3.62736 1.0303 38 37 5913 7662 1805
./instancias/experimentos/i320-215_sft 7937 103.193 89.4683 195 44 5812 7937 4840
./instancias/experimentos/i320-215_sft 7937 94.5325 81.4524 195 44 5812 7937 4840
./instancias/experimentos/i320-215_sft 7937 98.4194 85.0299 195 44 5812 7937 4840
./instancias/experimentos/i320-215_sft 7937 103.226 89.7631 195 44 5812 7937 4840
./instancias/experimentos/i320-215_sft 7937 91.2105 78.3138 195 44 5812 7937 4840
./instancias/experimentos/i320-215_sft 7937 82.7242 71.1434 195 44 5812 7937 4840
./instancias/experimentos/i320-215_sft 7937 89.0672 76.5102 195 44 5812 7937 4840
./instancias/experimentos/i320-215_sft 7937 88.4103 75.955 195 44 5812 7937 4840
./instancias/experimentos/i320-215_sft 7937 90.1792 77.4778 195 44 5812 7937 4840
./instancias/experimentos/i320-215_sft 7937 83.3336 71.6349 195 44 5812 7937 4840
./instancias/experimentos/i320-221_sft 5119 414.776 12.8759 1053 223 4932.62 5118.08 3212
./instancias/experimentos/i320-221_sft 5119 406.745 12.9256 1053 223 4932.62 5118.08 3212
./instancias/experimentos/i320-221_sft 5119 406.46 12.8194 1053 223 4932.62 5118.08 3212
./instancias/experimentos/i320-221_sft 5119 413.53 12.941 1053 223 4932.62 5118.08 3212
./instancias/experimentos/i320-221_sft 5119 416.489 12.9011 1053 223 4932.62 5118.08 3212
./instancias/experimentos/i320-221_sft 5119 407.426 13.027 1053 223 4932.62 5118.08 3212
./instancias/experimentos/i320-221_sft 5119 415.194 13.0488 1053 223 4932.62 5118.08 3212
./instancias/experimentos/i320-221_sft 5119 408.395 13.0918 1053 223 4932.62 5118.08 3212
./instancias/experimentos/i320-221_sft 5119 410.264 12.9636 1053 223 4932.62 5118.08 3212
./instancias/experimentos/i320-221_sft 5119 408.818 13.068 1053 223 4932.62 5118.08 3212
./instancias/experimentos/i320-222_sft 5103 74.5542 2.37133 182 119 4939 5103 669
./instancias/experimentos/i320-222_sft 5103 74.4264 2.34988 182 119 4939 5103 669
./instancias/experimentos/i320-222_sft 5103 73.8883 2.39103 182 119 4939 5103 669
./instancias/experimentos/i320-222_sft 5103 81.7199 2.47763 182 119 4939 5103 669
./instancias/experimentos/i320-222_sft 5103 74.1551 2.29386 182 119 4939 5103 669
./instancias/experimentos/i320-222_sft 5103 74.2903 2.30046 182 119 4939 5103 669
./instancias/experimentos/i320-222_sft 5103 74.6513 2.37188 182 119 4939 5103 669
./instancias/experimentos/i320-222_sft 5103 73.3946 2.3385 182 119 4939 5103 669
./instancias/experimentos/i320-222_sft 5103 74.8702 2.30964 182 119 4939 5103 669
./instancias/experimentos/i320-222_sft 5103 74.5462 2.31866 182 119 4939 5103 669
./instancias/experimentos/i320-223_sft 5050 42.9591 1.33142 110 80 4931 5050 444
./instancias/experimentos/i320-223_sft 5050 43.5086 1.38629 110 80 4931 5050 444
./instancias/experimentos/i320-223_sft 5050 42.9413 1.33679 110 80 4931 5050 444
./instancias/experimentos/i320-223_sft 5050 42.9353 1.32937 110 80 4931 5050 444
./instancias/experimentos/i320-223_sft 5050 43.6485 1.38394 110 80 4931 5050 444
./instancias/experimentos/i320-223_sft 5050 43.7719 1.35095 110 80 4931 5050 444
./instancias/experimentos/i320-223_sft 5050 43.5141 1.37012 110 80 4931 5050 444
./instancias/experimentos/i320-223_sft 5050 43.1036 1.34008 110 80 4931 5050 444
./instancias/experimentos/i320-223_sft 5050 44.284 1.38405 110 80 4931 5050 444
./instancias/experimentos/i320-223_sft 5050 54.6223 1.57197 110 80 4931 5050 444
./instancias/experimentos/i320-224_sft 5045 56.117 1.77637 148 104 4937 5045 525
./instancias/experimentos/i320-224_sft 5045 56.5556 1.81615 148 104 4937 5045 525
./instancias/experimentos/i320-224_sft 5045 56.5307 1.82018 148 104 4937 5045 525
./instancias/experimentos/i320-224_sft 5045 56.8606 1.82078 148 104 4937 5045 525
./instancias/experimentos/i320-224_sft 5045 56.3536 1.79526 148 104 4937 5045 525
./instancias/experimentos/i320-224_sft 5045 56.7354 1.80865 148 104 4937 5045 525
./instancias/experimentos/i320-224_sft 5045 56.0652 1.83592 148 104 4937 5045 525
./instancias/experimentos/i320-224_sft 5045 56.2974 1.77326 148 104 4937 5045 525
./instancias/experimentos/i320-224_sft 5045 56.3564 1.76528 148 104 4937 5045 525
./instancias/experimentos/i320-224_sft 5045 56.3122 1.77363 148 104 4937 5045 525
./instancias/experimentos/i320-225_sft 5099 102.493 3.17051 252 159 4941 5099 904
./instancias/experimentos/i320-225_sft 5099 102.524 3.19942 252 159 4941 5099 904
./instancias/experimentos/i320-225_sft 5099 102.505 3.1799 252 159 4941 5099 904
./instancias/experimentos/i320-225_sft 5099 101.024 3.14575 252 159 4941 5099 904
./instancias/experimentos/i320-225_sft 5099 102.235 3.21701 252 159 4941 5099 904
./instancias/experimentos/i320-225_sft 5099 103.126 3.17632 252 159 4941 5099 904
./instancias/experimentos/i320-225_sft 5099 215.471 5.01505 252 159 4941 5099 904
./instancias/experimentos/i320-225_sft 5099 115.43 3.43088 252 159 4941 5099 904
./instancias/experimentos/i320-225_sft 5099 100.224 3.11396 252 159 4941 5099 904
./instancias/experimentos/i320-225_sft 5099 120.798 3.53867 252 159 4941 5099 904
./instancias/experimentos/i320-231_sft 9711 3.49023 1.7142 53 52 7452.25 9711 2690
./instancias/experimentos/i320-231_sft 9698 1.86758 0.595108 60 49 7452.25 9698 1987
./instancias/experimentos/i320-231_sft 9711 2.92831 1.42615 53 52 7452.25 9711 2690
./instancias/experimentos/i320-231_sft 9711 2.72106 1.3038 53 52 7452.25 9711 2690
./instancias/experimentos/i320-231_sft 9708 1.96477 0.753414 50 49 7452.25 9708 2242
./instancias/experimentos/i320-231_sft 9698 1.68086 0.531666 60 49 7452.25 9698 1987
./instancias/experimentos/i320-231_sft 9715 1.572 0.469893 49 48 7452.25 9715 2031
./instancias/experimentos/i320-231_sft 10294 1854.57 1829.36 820 189 7452.25 9263.26 45922
./instancias/experimentos/i320-231_sft 9698 1.63051 0.523294 60 49 7452.25 9698 1987
./instancias/experimentos/i320-231_sft 9708 2.1608 0.824258 50 49 7452.25 9708 2242
./instancias/experimentos/i320-232_sft 9640 4.78884 3.04201 48 47 7442.21 9640 3052
./instancias/experimentos/i320-232_sft 9724 6.71823 4.78092 62 57 7442.21 9724 3176
./instancias/experimentos/i320-232_sft 9725 6.49337 4.48422 49 48 7442.21 9725 3094
./instancias/experimentos/i320-232_sft 9725 6.3292 4.36651 49 48 7442.21 9725 3094
./instancias/experimentos/i320-232_sft 9731 3.35015 1.65272 49 48 7442.21 9731 2436
./instancias/experimentos/i320-232_sft 9725 6.42879 4.39256 49 48 7442.21 9725 3094
./instancias/experimentos/i320-232_sft 9725 5.63661 3.848 49 48 7442.21 9725 3094
./instancias/experimentos/i320-232_sft 9640 4.83196 3.07671 48 47 7442.21 9640 3052
./instancias/experimentos/i320-232_sft 9713 97.2509 87.3382 1694 938 7442.21 9712.1 10464
./instancias/experimentos/i320-232_sft 9640 5.46095 3.478 48 47 7442.21 9640 3052
./instancias/experimentos/i320-241_sft 6266 1941.71 1770.78 692 145 5021.5 5172 8876
./instancias/experimentos/i320-241_sft 6266 1943.21 1801.45 466 145 5021.5 5168.5 10279
./instancias/experimentos/i320-241_sft 6266 1945.52 1804.49 466 145 5021.5 5168.5 10299
./instancias/experimentos/i320-241_sft 6266 1915.92 1782.88 550 144 5021.5 5169 9129
./instancias/experimentos/i320-241_sft 6266 1917.58 1784.17 550 144 5021.5 5169 9139
./instancias/experimentos/i320-241_sft 6266 1945.04 1804.23 466 145 5021.5 5168.5 10255
./instancias/experimentos/i320-241_sft 6266 1917.55 1775.64 550 144 5021.5 5169 9103
./instancias/experimentos/i320-241_sft 6266 1938.78 1770.66 692 145 5021.5 5172 8864
./instancias/experimentos/i320-241_sft 6266 1941.97 1763.48 692 145 5021.5 5172 8860
./instancias/experimentos/i320-241_sft 6266 1943.79 1769.92 692 145 5021.5 5172 8858
./instancias/experimentos/i320-242_sft 6419 1986.23 1165.87 9479 134 5048 5406.94 46244
./instancias/experimentos/i320-242_sft 6419 1984.84 1167.28 9502 134 5048 5406.94 46441
./instancias/experimentos/i320-242_sft 6419 1985.04 1137.96 8837 134 5048 5397 43428
./instancias/experimentos/i320-242_sft 6419 1985.56 1131.15 8695 134 5048 5393.83 42900
./instancias/experimentos/i320-242_sft 6419 1986.83 1131.7 8520 134 5048 5391.88 42153
./instancias/experimentos/i320-242_sft 6419 1984.28 1153.63 9257 134 5048 5400.65 45438
./instancias/experimentos/i320-242_sft 6419 1988.3 1190.08 9834 134 5048 5410.5 48000
./instancias/experimentos/i320-242_sft 6419 1990.17 1174.38 9460 134 5048 5406.25 46194
./instancias/experimentos/i320-242_sft 6419 1989.26 1184.29 9699 134 5048 5410.17 47324
./instancias/experimentos/i320-242_sft 6419 1987.87 1186.27 9769 134 5048 5410.5 47676
./instancias/experimentos/i320-243_sft 6238 1963.04 1573.29 3915 121 5026 5302.5 22522
./instancias/experimentos/i320-243_sft 6238 2025.49 1442.18 6275 121 5026 5344 35339
./instancias/experimentos/i320-243_sft 6238 2027.57 1442.39 6318 121 5026 5344.5 35538
./instancias/experimentos/i320-243_sft 6321 2037.57 1579.92 4637 99 5026 5316 26669
./instancias/experimentos/i320-243_sft 6321 2037.29 1579.01 4694 99 5026 5316.5 26838
./instancias/experimentos/i320-243_sft 6238 2023.07 1438.89 6275 121 5026 5344 35361
./instancias/experimentos/i320-243_sft 6321 2034.91 1580.93 4642 99 5026 5316 26671
./instancias/experimentos/i320-243_sft 6238 1959.65 1570.36 3915 121 5026 5302.5 22519
./instancias/experimentos/i320-243_sft 6238 1967.43 1541.02 3915 121 5026 5302.5 22516
./instancias/experimentos/i320-243_sft 6238 1961.5 1557.44 3915 121 5026 5302.5 22516
./instancias/experimentos/i320-244_sft 6217 2115.81 1790.31 1024 96 5039.5 5242.25 17792
./instancias/experimentos/i320-244_sft 6217 2119.13 1818.97 1177 96 5039.5 5243.5 19329
./instancias/experimentos/i320-244_sft 6217 2123.22 1838.26 1384 96 5039.5 5247.75 20183
./instancias/experimentos/i320-244_sft 6217 2036.75 1826.79 700 96 5039.5 5222.5 16388
./instancias/experimentos/i320-244_sft 6217 2038.28 1826.35 700 96 5039.5 5222.5 16373
./instancias/experimentos/i320-244_sft 6217 2123.17 1836.99 1335 96 5039.5 5247 19978
./instancias/experimentos/i320-244_sft 6217 2035.88 1826.03 700 96 5039.5 5222.5 16385
./instancias/experimentos/i320-244_sft 6217 2038.54 1826.32 700 96 5039.5 5222.5 16382
./instancias/experimentos/i320-244_sft 6217 2124.14 1843.57 1188 96 5039.5 5243.5 19750
./instancias/experimentos/i320-244_sft 6217 2125.7 1846.76 1273 96 5039.5 5245.25 20338
./instancias/experimentos/i320-245_sft 5878 2007.06 1498.09 6647 72 5021.5 5315.5 28928
./instancias/experimentos/i320-245_sft 5878 2007.8 1496.55 6685 72 5021.5 5317 29036
./instancias/experimentos/i320-245_sft 5878 2007.6 1498.17 6601 72 5021.5 5314.75 28850
./instancias/experimentos/i320-245_sft 5878 2006.09 1496.26 6503 72 5021.5 5314.5 28610
./instancias/experimentos/i320-245_sft 5878 2010.94 1498.64 6427 72 5021.5 5314 28482
./instancias/experimentos/i320-245_sft 5878 2010.82 1496.23 6376 72 5021.5 5313 28362
./instancias/experimentos/i320-245_sft 5878 2008.29 1492.25 6320 72 5021.5 5311.5 28288
./instancias/experimentos/i320-245_sft 5878 2006.79 1492.05 6334 72 5021.5 5311.5 28316
./instancias/experimentos/i320-245_sft 5878 2003.69 1489.42 6316 72 5021.5 5311.5 28262
./instancias/experimentos/i320-245_sft 5878 2000.66 1488.32 6368 72 5021.5 5311.88 28359
./instancias/experimentos/i320-305_sft 22598 4.23425 0.633564 106 105 16903.3 22598 3766
./instancias/experimentos/i320-305_sft 22606 1829.8 1462.55 39206 28980 16903.3 21920.3 96128
./instancias/experimentos/i320-305_sft 22587 3.70555 0.513922 106 105 16903.3 22587 3803
./instancias/experimentos/i320-305_sft 22574 3.09888 0.355992 107 106 16903.3 22574 3437
./instancias/experimentos/i320-305_sft 22587 3.4718 0.46087 106 105 16903.3 22587 3803
./instancias/experimentos/i320-305_sft 22600 3.08173 0.413791 123 107 16903.3 22600 3513
./instancias/experimentos/i320-305_sft 22638 3.01982 0.31 111 110 16903.3 22638 3680
./instancias/experimentos/i320-305_sft 22651 3.75685 0.548747 111 110 16903.3 22651 4262
./instancias/experimentos/i320-305_sft 22612 2.86935 0.3863 108 106 16903.3 22612 3549
./instancias/experimentos/i320-305_sft 22639 3.08691 0.358209 109 108 16903.3 22639 3518
