./instancias/experimentos_full/i080-044_sft 1194 1.33335 1.30476 0 0 1194 1194 780
./instancias/experimentos_full/i080-044_sft 1194 1.29086 1.26316 0 0 1194 1194 780
./instancias/experimentos_full/i080-044_sft 1194 1.37883 1.34865 0 0 1194 1194 780
./instancias/experimentos_full/i080-044_sft 1194 1.26371 1.2363 0 0 1194 1194 780
./instancias/experimentos_full/i080-044_sft 1194 1.34242 1.31213 0 0 1194 1194 780
./instancias/experimentos_full/i080-044_sft 1194 1.35888 1.32957 0 0 1194 1194 780
./instancias/experimentos_full/i080-044_sft 1194 1.30741 1.27922 0 0 1194 1194 780
./instancias/experimentos_full/i080-044_sft 1194 1.31924 1.29113 0 0 1194 1194 780
./instancias/experimentos_full/i080-044_sft 1194 1.32969 1.3005 0 0 1194 1194 780
./instancias/experimentos_full/i080-044_sft 1194 1.29126 1.26244 0 0 1194 1194 780
./instancias/experimentos_full/i080-111_sft 1777 4.79141 4.70972 62 61 1747.13 1776.31 1500
./instancias/experimentos_full/i080-111_sft 1777 4.24086 4.16927 62 61 1747.13 1776.31 1500
./instancias/experimentos_full/i080-111_sft 1777 4.57307 4.4963 62 61 1747.13 1776.31 1500
./instancias/experimentos_full/i080-111_sft 1777 4.56198 4.48531 62 61 1747.13 1776.31 1500
./instancias/experimentos_full/i080-111_sft 1777 4.58434 4.50756 62 61 1747.13 1776.31 1500
./instancias/experimentos_full/i080-111_sft 1777 4.42219 4.33739 62 61 1747.13 1776.31 1500
./instancias/experimentos_full/i080-111_sft 1777 4.32555 4.25129 62 61 1747.13 1776.31 1500
./instancias/experimentos_full/i080-111_sft 1777 4.55413 4.47853 62 61 1747.13 1776.31 1500
./instancias/experimentos_full/i080-111_sft 1777 4.52227 4.44639 62 61 1747.13 1776.31 1500
./instancias/experimentos_full/i080-111_sft 1777 4.41792 4.34133 62 61 1747.13 1776.31 1500
./instancias/experimentos_full/i080-143_sft 1479 1.52715 1.49078 0 0 1479 1479 965
./instancias/experimentos_full/i080-143_sft 1479 1.48693 1.44866 0 0 1479 1479 965
./instancias/experimentos_full/i080-143_sft 1479 1.5793 1.54162 0 0 1479 1479 965
./instancias/experimentos_full/i080-143_sft 1479 1.57348 1.535 0 0 1479 1479 965
./instancias/experimentos_full/i080-143_sft 1479 1.56647 1.52889 0 0 1479 1479 965
./instancias/experimentos_full/i080-143_sft 1479 1.52105 1.48344 0 0 1479 1479 965
./instancias/experimentos_full/i080-143_sft 1479 1.55247 1.51412 0 0 1479 1479 965
./instancias/experimentos_full/i080-143_sft 1479 1.55252 1.51586 0 0 1479 1479 965
./instancias/experimentos_full/i080-143_sft 1479 1.55666 1.51893 0 0 1479 1479 965
./instancias/experimentos_full/i080-143_sft 1479 1.54572 1.50916 0 0 1479 1479 965
./instancias/experimentos_full/i080-212_sft 3353 18.0173 17.0072 678 343 3201.68 3353 3745
./instancias/experimentos_full/i080-212_sft 3353 18.2349 17.201 678 343 3201.68 3353 3745
./instancias/experimentos_full/i080-212_sft 3353 18.8061 17.7773 678 343 3201.68 3353 3745
./instancias/experimentos_full/i080-212_sft 3353 18.216 17.1889 678 343 3201.68 3353 3745
./instancias/experimentos_full/i080-212_sft 3353 18.2448 17.2307 678 343 3201.68 3353 3745
./instancias/experimentos_full/i080-212_sft 3353 18.6718 17.6462 678 343 3201.68 3353 3745
./instancias/experimentos_full/i080-212_sft 3353 18.8678 17.8341 678 343 3201.68 3353 3745
./instancias/experimentos_full/i080-212_sft 3353 18.9278 17.8917 678 343 3201.68 3353 3745
./instancias/experimentos_full/i080-212_sft 3353 18.1076 17.0889 678 343 3201.68 3353 3745
./instancias/experimentos_full/i080-212_sft 3353 18.2563 17.2546 678 343 3201.68 3353 3745
./instancias/experimentos_full/i080-213_sft 3076 4.22127 4.00207 107 89 3012.63 3075.36 2200
./instancias/experimentos_full/i080-213_sft 3076 4.37265 4.14477 107 89 3012.63 3075.36 2200
./instancias/experimentos_full/i080-213_sft 3076 4.37725 4.15007 107 89 3012.63 3075.36 2200
./instancias/experimentos_full/i080-213_sft 3076 4.32598 4.10329 107 89 3012.63 3075.36 2200
./instancias/experimentos_full/i080-213_sft 3076 4.33145 4.10978 107 89 3012.63 3075.36 2200
./instancias/experimentos_full/i080-213_sft 3076 4.21851 3.96014 107 89 3012.63 3075.36 2200
./instancias/experimentos_full/i080-213_sft 3076 4.24675 3.99111 107 89 3012.63 3075.36 2200
./instancias/experimentos_full/i080-213_sft 3076 4.36547 4.13505 107 89 3012.63 3075.36 2200
./instancias/experimentos_full/i080-213_sft 3076 4.3136 4.09152 107 89 3012.63 3075.36 2200
./instancias/experimentos_full/i080-213_sft 3076 4.18257 3.96373 107 89 3012.63 3075.36 2200
./instancias/experimentos_full/i080-214_sft 3258 6.33274 5.92911 127 105 3226.83 3258 2785
./instancias/experimentos_full/i080-214_sft 3258 6.3034 5.89273 127 105 3226.83 3258 2785
./instancias/experimentos_full/i080-214_sft 3258 6.36654 5.95139 127 105 3226.83 3258 2785
./instancias/experimentos_full/i080-214_sft 3258 6.51388 6.10392 127 105 3226.83 3258 2785
./instancias/experimentos_full/i080-214_sft 3258 6.36255 5.95663 127 105 3226.83 3258 2785
./instancias/experimentos_full/i080-214_sft 3258 6.22833 5.82651 127 105 3226.83 3258 2785
./instancias/experimentos_full/i080-214_sft 3258 6.53308 6.11759 127 105 3226.83 3258 2785
./instancias/experimentos_full/i080-214_sft 3258 6.27215 5.86383 127 105 3226.83 3258 2785
./instancias/experimentos_full/i080-214_sft 3258 6.27201 5.86083 127 105 3226.83 3258 2785
./instancias/experimentos_full/i080-214_sft 3258 6.55663 6.14212 127 105 3226.83 3258 2785
./instancias/experimentos_full/i080-215_sft 3470 205.784 201.235 4730 3259 3292.76 3469.02 5602
./instancias/experimentos_full/i080-215_sft 3470 213.705 209.114 4730 3259 3292.76 3469.02 5602
./instancias/experimentos_full/i080-215_sft 3470 215.177 210.57 4730 3259 3292.76 3469.02 5602
./instancias/experimentos_full/i080-215_sft 3470 213.273 208.665 4730 3259 3292.76 3469.02 5602
./instancias/experimentos_full/i080-215_sft 3470 213.105 208.568 4730 3259 3292.76 3469.02 5602
./instancias/experimentos_full/i080-215_sft 3470 206.392 201.889 4730 3259 3292.76 3469.02 5602
./instancias/experimentos_full/i080-215_sft 3470 213.331 208.796 4730 3259 3292.76 3469.02 5602
./instancias/experimentos_full/i080-215_sft 3470 214.334 209.726 4730 3259 3292.76 3469.02 5602
./instancias/experimentos_full/i080-215_sft 3470 211.906 207.304 4730 3259 3292.76 3469.02 5602
./instancias/experimentos_full/i080-215_sft 3470 207.666 203.132 4730 3259 3292.76 3469.02 5602
./instancias/experimentos_full/i080-235_sft 4339 5.65277 5.43782 108 67 4063.58 4339 3636
./instancias/experimentos_full/i080-235_sft 4339 5.61752 5.39868 108 67 4063.58 4339 3636
./instancias/experimentos_full/i080-235_sft 4339 5.5751 5.35859 108 67 4063.58 4339 3636
./instancias/experimentos_full/i080-235_sft 4339 6.00066 5.7749 108 67 4063.58 4339 3636
./instancias/experimentos_full/i080-235_sft 4339 5.60075 5.38348 108 67 4063.58 4339 3636
./instancias/experimentos_full/i080-235_sft 4339 5.79073 5.56904 108 67 4063.58 4339 3636
./instancias/experimentos_full/i080-235_sft 4339 5.67904 5.4143 108 67 4063.58 4339 3636
./instancias/experimentos_full/i080-235_sft 4339 5.59282 5.37903 108 67 4063.58 4339 3636
./instancias/experimentos_full/i080-235_sft 4339 5.96513 5.74026 108 67 4063.58 4339 3636
./instancias/experimentos_full/i080-235_sft 4339 5.84506 5.60023 108 67 4063.58 4339 3636
./instancias/experimentos_full/i080-241_sft 2971 4.55375 4.47844 0 0 2971 2971 2369
./instancias/experimentos_full/i080-241_sft 2971 4.49519 4.42083 0 0 2971 2971 2369
./instancias/experimentos_full/i080-241_sft 2971 4.29195 4.21951 0 0 2971 2971 2369
./instancias/experimentos_full/i080-241_sft 2971 4.32173 4.24885 0 0 2971 2971 2369
./instancias/experimentos_full/i080-241_sft 2971 4.28088 4.20889 0 0 2971 2971 2369
./instancias/experimentos_full/i080-241_sft 2971 4.46957 4.3955 0 0 2971 2971 2369
./instancias/experimentos_full/i080-241_sft 2971 4.37198 4.29084 0 0 2971 2971 2369
./instancias/experimentos_full/i080-241_sft 2971 4.42506 4.35147 0 0 2971 2971 2369
./instancias/experimentos_full/i080-241_sft 2971 4.47645 4.40286 0 0 2971 2971 2369
./instancias/experimentos_full/i080-241_sft 2971 4.46788 4.39352 0 0 2971 2971 2369
./instancias/experimentos_full/i080-243_sft 2883 2.33772 2.26031 0 0 2883 2883 1723
./instancias/experimentos_full/i080-243_sft 2883 2.40579 2.32666 0 0 2883 2883 1723
./instancias/experimentos_full/i080-243_sft 2883 2.27529 2.19684 0 0 2883 2883 1723
./instancias/experimentos_full/i080-243_sft 2883 2.2717 2.19454 0 0 2883 2883 1723
./instancias/experimentos_full/i080-243_sft 2883 2.29172 2.21344 0 0 2883 2883 1723
./instancias/experimentos_full/i080-243_sft 2883 2.32756 2.25015 0 0 2883 2883 1723
./instancias/experimentos_full/i080-243_sft 2883 2.31845 2.23822 0 0 2883 2883 1723
./instancias/experimentos_full/i080-243_sft 2883 2.29122 2.21222 0 0 2883 2883 1723
./instancias/experimentos_full/i080-243_sft 2883 2.29009 2.20345 0 0 2883 2883 1723
./instancias/experimentos_full/i080-243_sft 2883 2.27514 2.19748 0 0 2883 2883 1723
./instancias/experimentos_full/i080-244_sft 3062 3.39472 3.30754 5 3 3025 3062 2177
./instancias/experimentos_full/i080-244_sft 3062 3.49858 3.41331 5 3 3025 3062 2177
./instancias/experimentos_full/i080-244_sft 3062 3.38044 3.29474 5 3 3025 3062 2177
./instancias/experimentos_full/i080-244_sft 3062 3.38463 3.29977 5 3 3025 3062 2177
./instancias/experimentos_full/i080-244_sft 3062 3.42013 3.33619 5 3 3025 3062 2177
./instancias/experimentos_full/i080-244_sft 3062 3.41669 3.33185 5 3 3025 3062 2177
./instancias/experimentos_full/i080-244_sft 3062 3.37678 3.29301 5 3 3025 3062 2177
./instancias/experimentos_full/i080-244_sft 3062 3.3945 3.31102 5 3 3025 3062 2177
./instancias/experimentos_full/i080-244_sft 3062 3.38982 3.30492 5 3 3025 3062 2177
./instancias/experimentos_full/i080-244_sft 3062 3.52807 3.44083 5 3 3025 3062 2177
./instancias/experimentos_full/i080-245_sft 2959 3.4915 3.41687 0 0 2959 2959 1992
./instancias/experimentos_full/i080-245_sft 2959 3.40803 3.33222 0 0 2959 2959 1992
./instancias/experimentos_full/i080-245_sft 2959 3.372 3.29897 0 0 2959 2959 1992
./instancias/experimentos_full/i080-245_sft 2959 3.36187 3.28778 0 0 2959 2959 1992
./instancias/experimentos_full/i080-245_sft 2959 3.51184 3.43791 0 0 2959 2959 1992
./instancias/experimentos_full/i080-245_sft 2959 3.39151 3.3176 0 0 2959 2959 1992
./instancias/experimentos_full/i080-245_sft 2959 3.40715 3.33478 0 0 2959 2959 1992
./instancias/experimentos_full/i080-245_sft 2959 3.38823 3.31053 0 0 2959 2959 1992
./instancias/experimentos_full/i080-245_sft 2959 3.37931 3.30501 0 0 2959 2959 1992
./instancias/experimentos_full/i080-245_sft 2959 3.50162 3.42784 0 0 2959 2959 1992
./instancias/experimentos_full/i080-305_sft 5643 1.99488 1.86919 26 9 5485.02 5643 3343
./instancias/experimentos_full/i080-305_sft 5643 1.92182 1.8 26 9 5485.02 5643 3343
./instancias/experimentos_full/i080-305_sft 5643 1.95663 1.81404 26 9 5485.02 5643 3343
./instancias/experimentos_full/i080-305_sft 5643 1.98772 1.86385 26 9 5485.02 5643 3343
./instancias/experimentos_full/i080-305_sft 5643 1.94148 1.81836 26 9 5485.02 5643 3343
./instancias/experimentos_full/i080-305_sft 5643 2.00061 1.87372 26 9 5485.02 5643 3343
./instancias/experimentos_full/i080-305_sft 5643 1.95015 1.82564 26 9 5485.02 5643 3343
./instancias/experimentos_full/i080-305_sft 5643 1.93196 1.80815 26 9 5485.02 5643 3343
./instancias/experimentos_full/i080-305_sft 5643 1.98136 1.85741 26 9 5485.02 5643 3343
./instancias/experimentos_full/i080-305_sft 5643 1.96522 1.84395 26 9 5485.02 5643 3343
./instancias/experimentos_full/i080-312_sft 4314 282.372 272.154 4989 4625 4100.77 4313.05 6972
./instancias/experimentos_full/i080-312_sft 4314 295.98 285.482 4989 4625 4100.77 4313.05 6972
./instancias/experimentos_full/i080-312_sft 4314 290.368 279.973 4989 4625 4100.77 4313.05 6972
./instancias/experimentos_full/i080-312_sft 4314 295.019 284.608 4989 4625 4100.77 4313.05 6972
./instancias/experimentos_full/i080-312_sft 4314 279.718 269.374 4989 4625 4100.77 4313.05 6972
./instancias/experimentos_full/i080-312_sft 4314 284.781 274.082 4989 4625 4100.77 4313.05 6972
./instancias/experimentos_full/i080-312_sft 4314 291.856 281.414 4989 4625 4100.77 4313.05 6972
./instancias/experimentos_full/i080-312_sft 4314 296.095 285.561 4989 4625 4100.77 4313.05 6972
./instancias/experimentos_full/i080-312_sft 4314 290.868 280.511 4989 4625 4100.77 4313.05 6972
./instancias/experimentos_full/i080-312_sft 4314 282.388 272.037 4989 4625 4100.77 4313.05 6972
./instancias/experimentos_full/i080-314_sft 4181 69.6162 60.7264 870 727 4049.94 4181 6696
./instancias/experimentos_full/i080-314_sft 4181 68.9476 60.1188 870 727 4049.94 4181 6696
./instancias/experimentos_full/i080-314_sft 4181 73.4404 64.1416 870 727 4049.94 4181 6696
./instancias/experimentos_full/i080-314_sft 4181 69.3722 60.3844 870 727 4049.94 4181 6696
./instancias/experimentos_full/i080-314_sft 4181 69.158 60.2906 870 727 4049.94 4181 6696
./instancias/experimentos_full/i080-314_sft 4181 74.1255 64.7459 870 727 4049.94 4181 6696
./instancias/experimentos_full/i080-314_sft 4181 70.2775 61.2954 870 727 4049.94 4181 6696
./instancias/experimentos_full/i080-314_sft 4181 74.4679 65.0258 870 727 4049.94 4181 6696
./instancias/experimentos_full/i080-314_sft 4181 70.3624 61.3967 870 727 4049.94 4181 6696
./instancias/experimentos_full/i080-314_sft 4181 72.921 63.6539 870 727 4049.94 4181 6696
./instancias/experimentos_full/i080-315_sft 4044 14.1077 13.5842 198 153 3937.2 4043.02 4345
./instancias/experimentos_full/i080-315_sft 4044 14.0655 13.54 198 153 3937.2 4043.02 4345
./instancias/experimentos_full/i080-315_sft 4044 13.3355 12.81 198 153 3937.2 4043.02 4345
./instancias/experimentos_full/i080-315_sft 4044 14.1526 13.6251 198 153 3937.2 4043.02 4345
./instancias/experimentos_full/i080-315_sft 4044 14.0922 13.569 198 153 3937.2 4043.02 4345
./instancias/experimentos_full/i080-315_sft 4044 13.3574 12.8361 198 153 3937.2 4043.02 4345
./instancias/experimentos_full/i080-315_sft 4044 13.3468 12.8084 198 153 3937.2 4043.02 4345
./instancias/experimentos_full/i080-315_sft 4044 13.8998 13.3837 198 153 3937.2 4043.02 4345
./instancias/experimentos_full/i080-315_sft 4044 14.3403 13.8108 198 153 3937.2 4043.02 4345
./instancias/experimentos_full/i080-315_sft 4044 13.2451 12.6684 198 153 3937.2 4043.02 4345
./instancias/experimentos_full/i080-331_sft 4983 1.68617 1.57183 19 13 4925.94 4983 2809
./instancias/experimentos_full/i080-331_sft 4983 1.56237 1.45233 19 13 4925.94 4983 2809
./instancias/experimentos_full/i080-331_sft 4983 1.56648 1.45742 19 13 4925.94 4983 2809
./instancias/experimentos_full/i080-331_sft 4983 1.58125 1.45115 19 13 4925.94 4983 2809
./instancias/experimentos_full/i080-331_sft 4983 1.59564 1.48235 19 13 4925.94 4983 2809
./instancias/experimentos_full/i080-331_sft 4983 1.58469 1.47445 19 13 4925.94 4983 2809
./instancias/experimentos_full/i080-331_sft 4983 1.55977 1.45059 19 13 4925.94 4983 2809
./instancias/experimentos_full/i080-331_sft 4983 1.71866 1.57923 19 13 4925.94 4983 2809
./instancias/experimentos_full/i080-331_sft 4983 1.5717 1.46137 19 13 4925.94 4983 2809
./instancias/experimentos_full/i080-331_sft 4983 1.55776 1.44854 19 13 4925.94 4983 2809
./instancias/experimentos_full/i080-332_sft 5016 4.51609 4.25766 44 27 4870.23 5016 3668
./instancias/experimentos_full/i080-332_sft 5016 4.58103 4.3215 44 27 4870.23 5016 3668
./instancias/experimentos_full/i080-332_sft 5016 4.47999 4.224 44 27 4870.23 5016 3668
./instancias/experimentos_full/i080-332_sft 5016 4.9252 4.6488 44 27 4870.23 5016 3668
./instancias/experimentos_full/i080-332_sft 5016 4.51977 4.26063 44 27 4870.23 5016 3668
./instancias/experimentos_full/i080-332_sft 5016 4.82855 4.55844 44 27 4870.23 5016 3668
./instancias/experimentos_full/i080-332_sft 5016 4.51012 4.25416 44 27 4870.23 5016 3668
./instancias/experimentos_full/i080-332_sft 5016 4.92156 4.64475 44 27 4870.23 5016 3668
./instancias/experimentos_full/i080-332_sft 5016 4.81215 4.54407 44 27 4870.23 5016 3668
./instancias/experimentos_full/i080-332_sft 5016 4.56089 4.3014 44 27 4870.23 5016 3668
./instancias/experimentos_full/i080-342_sft 3667 7.37675 7.02384 68 48 3647.65 3667 2928
./instancias/experimentos_full/i080-342_sft 3667 7.51338 7.15544 68 48 3647.65 3667 2928
./instancias/experimentos_full/i080-342_sft 3667 7.75488 7.38393 68 48 3647.65 3667 2928
./instancias/experimentos_full/i080-342_sft 3667 7.04009 6.69013 68 48 3647.65 3667 2928
./instancias/experimentos_full/i080-342_sft 3667 7.73153 7.35675 68 48 3647.65 3667 2928
./instancias/experimentos_full/i080-342_sft 3667 7.7291 7.35752 68 48 3647.65 3667 2928
./instancias/experimentos_full/i080-342_sft 3667 7.3876 7.03625 68 48 3647.65 3667 2928
./instancias/experimentos_full/i080-342_sft 3667 7.52721 7.16568 68 48 3647.65 3667 2928
./instancias/experimentos_full/i080-342_sft 3667 7.34296 6.98747 68 48 3647.65 3667 2928
./instancias/experimentos_full/i080-342_sft 3667 7.05547 6.70779 68 48 3647.65 3667 2928
./instancias/experimentos_full/i080-343_sft 3932 50.3031 48.8218 305 282 3858.86 3932 5527
./instancias/experimentos_full/i080-343_sft 3932 53.3354 51.8153 305 282 3858.86 3932 5527
./instancias/experimentos_full/i080-343_sft 3932 54.0416 52.5425 305 282 3858.86 3932 5527
./instancias/experimentos_full/i080-343_sft 3932 54.2928 52.7961 305 282 3858.86 3932 5527
./instancias/experimentos_full/i080-343_sft 3932 54.1079 52.6116 305 282 3858.86 3932 5527
./instancias/experimentos_full/i080-343_sft 3932 54.3979 52.9077 305 282 3858.86 3932 5527
./instancias/experimentos_full/i080-343_sft 3932 55.1331 53.6114 305 282 3858.86 3932 5527
./instancias/experimentos_full/i080-343_sft 3932 54.3347 52.7928 305 282 3858.86 3932 5527
./instancias/experimentos_full/i080-343_sft 3932 54.9333 53.4157 305 282 3858.86 3932 5527
./instancias/experimentos_full/i080-343_sft 3932 50.9613 49.4743 305 282 3858.86 3932 5527
./instancias/experimentos_full/i080-344_sft 4013 248.017 241.124 2808 583 3919.96 4012.11 7645
./instancias/experimentos_full/i080-344_sft 4013 237.047 230.167 2808 583 3919.96 4012.11 7645
./instancias/experimentos_full/i080-344_sft 4013 237.003 230.132 2808 583 3919.96 4012.11 7645
./instancias/experimentos_full/i080-344_sft 4013 251.507 244.458 2808 583 3919.96 4012.11 7645
./instancias/experimentos_full/i080-344_sft 4013 234.956 228.184 2808 583 3919.96 4012.11 7645
./instancias/experimentos_full/i080-344_sft 4013 251.927 244.812 2808 583 3919.96 4012.11 7645
./instancias/experimentos_full/i080-344_sft 4013 241.008 234.195 2808 583 3919.96 4012.11 7645
./instancias/experimentos_full/i080-344_sft 4013 255.041 247.806 2808 583 3919.96 4012.11 7645
./instancias/experimentos_full/i080-344_sft 4013 236.407 229.578 2808 583 3919.96 4012.11 7645
./instancias/experimentos_full/i080-344_sft 4013 251.708 244.651 2808 583 3919.96 4012.11 7645
./instancias/experimentos_full/i080-345_sft 3759 6.16976 6.0604 0 0 3759 3759 3002
./instancias/experimentos_full/i080-345_sft 3759 6.21893 6.10786 0 0 3759 3759 3002
./instancias/experimentos_full/i080-345_sft 3759 5.77779 5.66639 0 0 3759 3759 3002
./instancias/experimentos_full/i080-345_sft 3759 6.3056 6.19444 0 0 3759 3759 3002
./instancias/experimentos_full/i080-345_sft 3759 6.23246 6.12186 0 0 3759 3759 3002
./instancias/experimentos_full/i080-345_sft 3759 6.02745 5.92104 0 0 3759 3759 3002
./instancias/experimentos_full/i080-345_sft 3759 6.02882 5.91624 0 0 3759 3759 3002
./instancias/experimentos_full/i080-345_sft 3759 6.28407 6.17275 0 0 3759 3759 3002
./instancias/experimentos_full/i080-345_sft 3759 6.29275 6.18182 0 0 3759 3759 3002
./instancias/experimentos_full/i080-345_sft 3759 6.3038 6.19247 0 0 3759 3759 3002
./instancias/experimentos_full/i160-033_sft 1864 2.5741 2.49229 18 11 1861.61 1863.93 1359
./instancias/experimentos_full/i160-033_sft 1864 2.70566 2.62608 18 11 1861.61 1863.93 1359
./instancias/experimentos_full/i160-033_sft 1864 2.56447 2.48343 18 11 1861.61 1863.93 1359
./instancias/experimentos_full/i160-033_sft 1864 2.56558 2.48368 18 11 1861.61 1863.93 1359
./instancias/experimentos_full/i160-033_sft 1864 2.54743 2.46865 18 11 1861.61 1863.93 1359
./instancias/experimentos_full/i160-033_sft 1864 2.74486 2.66437 18 11 1861.61 1863.93 1359
./instancias/experimentos_full/i160-033_sft 1864 2.55095 2.47098 18 11 1861.61 1863.93 1359
./instancias/experimentos_full/i160-033_sft 1864 2.73908 2.65838 18 11 1861.61 1863.93 1359
./instancias/experimentos_full/i160-033_sft 1864 2.73981 2.65944 18 11 1861.61 1863.93 1359
./instancias/experimentos_full/i160-033_sft 1864 2.67704 2.59778 18 11 1861.61 1863.93 1359
./instancias/experimentos_full/i160-043_sft 1188 20.1574 19.832 0 0 1188 1188 1589
./instancias/experimentos_full/i160-043_sft 1188 19.2862 18.9548 0 0 1188 1188 1589
./instancias/experimentos_full/i160-043_sft 1188 19.2609 18.9299 0 0 1188 1188 1589
./instancias/experimentos_full/i160-043_sft 1188 19.2232 18.8858 0 0 1188 1188 1589
./instancias/experimentos_full/i160-043_sft 1188 20.0812 19.7605 0 0 1188 1188 1589
./instancias/experimentos_full/i160-043_sft 1188 18.962 18.6321 0 0 1188 1188 1589
./instancias/experimentos_full/i160-043_sft 1188 19.2385 18.9078 0 0 1188 1188 1589
./instancias/experimentos_full/i160-043_sft 1188 19.2342 18.9032 0 0 1188 1188 1589
./instancias/experimentos_full/i160-043_sft 1188 19.2378 18.9142 0 0 1188 1188 1589
./instancias/experimentos_full/i160-043_sft 1188 19.2655 18.9435 0 0 1188 1188 1589
./instancias/experimentos_full/i160-045_sft 1463 252.852 251.183 24 20 1448.45 1462.34 3996
./instancias/experimentos_full/i160-045_sft 1463 251.407 249.725 24 20 1448.45 1462.34 3996
./instancias/experimentos_full/i160-045_sft 1463 252.4 250.718 24 20 1448.45 1462.34 3996
./instancias/experimentos_full/i160-045_sft 1463 241.139 239.506 24 20 1448.45 1462.34 3996
./instancias/experimentos_full/i160-045_sft 1463 253.791 252.11 24 20 1448.45 1462.34 3996
./instancias/experimentos_full/i160-045_sft 1463 252.297 250.623 24 20 1448.45 1462.34 3996
./instancias/experimentos_full/i160-045_sft 1463 241.327 239.702 24 20 1448.45 1462.34 3996
./instancias/experimentos_full/i160-045_sft 1463 252.788 251.111 24 20 1448.45 1462.34 3996
./instancias/experimentos_full/i160-045_sft 1463 243.967 242.28 24 20 1448.45 1462.34 3996
./instancias/experimentos_full/i160-045_sft 1463 253.104 251.439 24 20 1448.45 1462.34 3996
./instancias/experimentos_full/i160-112_sft 2842 612.991 599.881 1403 894 2718.79 2841.02 10581
./instancias/experimentos_full/i160-112_sft 2842 574.37 561.895 1403 894 2718.79 2841.02 10581
./instancias/experimentos_full/i160-112_sft 2842 603.385 590.494 1403 894 2718.79 2841.02 10581
./instancias/experimentos_full/i160-112_sft 2842 611.613 598.616 1403 894 2718.79 2841.02 10581
./instancias/experimentos_full/i160-112_sft 2842 603.71 590.779 1403 894 2718.79 2841.02 10581
./instancias/experimentos_full/i160-112_sft 2842 637.374 623.251 1403 894 2718.79 2841.02 10581
./instancias/experimentos_full/i160-112_sft 2842 662.306 647.98 1403 894 2718.79 2841.02 10581
./instancias/experimentos_full/i160-112_sft 2842 651.448 637.948 1403 894 2718.79 2841.02 10581
./instancias/experimentos_full/i160-112_sft 2842 677.442 663.446 1403 894 2718.79 2841.02 10581
./instancias/experimentos_full/i160-112_sft 2842 662.06 647.849 1403 894 2718.79 2841.02 10581
./instancias/experimentos_full/i160-115_sft 2482 26.8145 26.4578 98 97 2479.5 2482 3860
./instancias/experimentos_full/i160-115_sft 2482 27.6641 27.3008 98 97 2479.5 2482 3860
./instancias/experimentos_full/i160-115_sft 2482 27.9429 27.57 98 97 2479.5 2482 3860
./instancias/experimentos_full/i160-115_sft 2482 29.4687 29.0739 98 97 2479.5 2482 3860
./instancias/experimentos_full/i160-115_sft 2482 29.1417 28.7532 98 97 2479.5 2482 3860
./instancias/experimentos_full/i160-115_sft 2482 28.4715 28.0955 98 97 2479.5 2482 3860
./instancias/experimentos_full/i160-115_sft 2482 29.2196 28.8367 98 97 2479.5 2482 3860
./instancias/experimentos_full/i160-115_sft 2482 29.2301 28.846 98 97 2479.5 2482 3860
./instancias/experimentos_full/i160-115_sft 2482 27.165 26.8057 98 97 2479.5 2482 3860
./instancias/experimentos_full/i160-115_sft 2482 29.1731 28.7896 98 97 2479.5 2482 3860
./instancias/experimentos_full/i160-142_sft 2244 153.046 152.464 3 2 2241.5 2243.5 4685
./instancias/experimentos_full/i160-142_sft 2244 150.903 150.329 3 2 2241.5 2243.5 4685
./instancias/experimentos_full/i160-142_sft 2244 145.546 144.982 3 2 2241.5 2243.5 4685
./instancias/experimentos_full/i160-142_sft 2244 145.897 145.328 3 2 2241.5 2243.5 4685
./instancias/experimentos_full/i160-142_sft 2244 146.584 146.021 3 2 2241.5 2243.5 4685
./instancias/experimentos_full/i160-142_sft 2244 148.403 147.829 3 2 2241.5 2243.5 4685
./instancias/experimentos_full/i160-142_sft 2244 213.252 212.549 3 2 2241.5 2243.5 4685
./instancias/experimentos_full/i160-142_sft 2244 208.764 208.049 3 2 2241.5 2243.5 4685
./instancias/experimentos_full/i160-142_sft 2244 206.95 206.255 3 2 2241.5 2243.5 4685
./instancias/experimentos_full/i160-142_sft 2244 205.979 205.266 3 2 2241.5 2243.5 4685
./instancias/experimentos_full/i160-144_sft 2265 184.253 183.619 0 0 2265 2265 4753
./instancias/experimentos_full/i160-144_sft 2265 134.463 133.941 0 0 2265 2265 4753
./instancias/experimentos_full/i160-144_sft 2265 162.779 162.211 0 0 2265 2265 4753
./instancias/experimentos_full/i160-144_sft 2265 145.81 145.228 0 0 2265 2265 4753
./instancias/experimentos_full/i160-144_sft 2265 137.418 136.896 0 0 2265 2265 4753
./instancias/experimentos_full/i160-144_sft 2265 158.564 158.004 0 0 2265 2265 4753
./instancias/experimentos_full/i160-144_sft 2265 162.022 161.427 0 0 2265 2265 4753
./instancias/experimentos_full/i160-144_sft 2265 174.941 174.318 0 0 2265 2265 4753
./instancias/experimentos_full/i160-144_sft 2265 177.511 176.878 0 0 2265 2265 4753
./instancias/experimentos_full/i160-144_sft 2265 197.15 196.457 0 0 2265 2265 4753
./instancias/experimentos_full/i160-201_sft 6923 110.943 109.142 152 149 6777.77 6923 9608
./instancias/experimentos_full/i160-201_sft 6923 109.023 107.256 152 149 6777.77 6923 9608
./instancias/experimentos_full/i160-201_sft 6923 110.156 108.369 152 149 6777.77 6923 9608
./instancias/experimentos_full/i160-201_sft 6923 107.346 105.447 152 149 6777.77 6923 9608
./instancias/experimentos_full/i160-201_sft 6923 108.296 106.505 152 149 6777.77 6923 9608
./instancias/experimentos_full/i160-201_sft 6923 116.139 114.239 152 149 6777.77 6923 9608
./instancias/experimentos_full/i160-201_sft 6923 122.814 120.661 152 149 6777.77 6923 9608
./instancias/experimentos_full/i160-201_sft 6923 113.046 111.178 152 149 6777.77 6923 9608
./instancias/experimentos_full/i160-201_sft 6923 108.903 107.082 152 149 6777.77 6923 9608
./instancias/experimentos_full/i160-201_sft 6923 103.457 101.745 152 149 6777.77 6923 9608
./instancias/experimentos_full/i160-211_sft 1e+09 1814.27 1807.99 680 -1 5081.96 5084.34 33800
./instancias/experimentos_full/i160-211_sft 1e+09 1815.24 1809.27 680 -1 5081.96 5084.34 34344
./instancias/experimentos_full/i160-211_sft 1e+09 1815.31 1809.27 680 -1 5081.96 5084.34 34786
./instancias/experimentos_full/i160-211_sft 1e+09 1815.21 1809.58 680 -1 5081.96 5084.34 35075
./instancias/experimentos_full/i160-211_sft 1e+09 1815.7 1810 680 -1 5081.96 5084.34 35143
./instancias/experimentos_full/i160-211_sft 1e+09 1815.63 1809.95 680 -1 5081.96 5084.34 35092
./instancias/experimentos_full/i160-211_sft 1e+09 1815.41 1809.71 680 -1 5081.96 5084.34 35160
./instancias/experimentos_full/i160-211_sft 1e+09 1814.78 1808.9 680 -1 5081.96 5084.34 34463
./instancias/experimentos_full/i160-211_sft 1e+09 1815.93 1810.17 680 -1 5081.96 5084.34 35330
./instancias/experimentos_full/i160-211_sft 1e+09 1816.35 1810.7 680 -1 5081.96 5084.34 35398
./instancias/reduzido/i160-212_sft 5364 1804.54 1787.55 265 85 5130.27 5201.48 21826
./instancias/reduzido/i160-212_sft 5364 1804.61 1775.17 267 85 5130.27 5201.48 21963
./instancias/reduzido/i160-212_sft 5364 1804.15 1769.86 262 85 5130.27 5201.42 21760
./instancias/reduzido/i160-212_sft 5364 1804.13 1799.43 262 85 5130.27 5201.42 21798
./instancias/reduzido/i160-212_sft 5364 1804.02 1799.54 262 85 5130.27 5201.42 21798
./instancias/reduzido/i160-212_sft 5364 1804.09 1797.33 263 85 5130.27 5201.48 21804
./instancias/reduzido/i160-212_sft 5364 1804.25 1766.48 262 85 5130.27 5201.42 21760
./instancias/reduzido/i160-212_sft 5364 1804.16 1799.19 262 85 5130.27 5201.42 21802
./instancias/reduzido/i160-212_sft 5364 1804.33 1792.46 267 85 5130.27 5201.48 21963
./instancias/reduzido/i160-212_sft 5364 1804.19 1763.37 267 85 5130.27 5201.48 21963
./instancias/reduzido/i160-213_sft 5253 1803.86 1789.29 376 269 5033.44 5063.66 20485
./instancias/reduzido/i160-213_sft 5253 1804.04 1787.02 379 269 5033.44 5063.66 20514
./instancias/reduzido/i160-213_sft 5253 1803.78 1797.21 360 269 5033.44 5063.66 20469
./instancias/reduzido/i160-213_sft 5253 1803.96 1790.35 395 269 5033.44 5063.66 20562
./instancias/reduzido/i160-213_sft 5253 1803.89 1800.48 363 269 5033.44 5063.66 20476
./instancias/reduzido/i160-213_sft 5253 1804.18 1800.15 374 269 5033.44 5063.66 20481
./instancias/reduzido/i160-213_sft 5253 1803.97 1798.93 379 269 5033.44 5063.66 20543
./instancias/reduzido/i160-213_sft 5253 1803.97 1799.92 379 269 5033.44 5063.66 20514
./instancias/reduzido/i160-213_sft 5253 1804.11 1797.14 376 269 5033.44 5063.66 20485
./instancias/reduzido/i160-213_sft 5253 1804.05 1794.72 379 269 5033.44 5063.66 20514
./instancias/reduzido/i160-214_sft 5441 1804.74 1793.21 1425 407 5321.6 5406.15 23059
./instancias/reduzido/i160-214_sft 5441 1805.14 1786 1305 407 5321.6 5400.04 22978
./instancias/reduzido/i160-214_sft 5441 1805.03 1785.31 1305 407 5321.6 5400.04 22978
./instancias/reduzido/i160-214_sft 5441 1805.49 1795.78 1300 407 5321.6 5399.65 22978
./instancias/reduzido/i160-214_sft 5441 1806.05 1788.25 1327 407 5321.6 5400.28 22999
./instancias/reduzido/i160-214_sft 5441 1805.21 1796.59 1295 407 5321.6 5399.65 22972
./instancias/reduzido/i160-214_sft 5441 1805.66 1793.34 1326 407 5321.6 5400.27 22999
./instancias/reduzido/i160-214_sft 5441 1805.57 1786.06 1383 407 5321.6 5403.3 23040
./instancias/reduzido/i160-214_sft 5441 1804.89 1794.1 1373 407 5321.6 5402.94 23040
./instancias/reduzido/i160-214_sft 5441 1805.76 1759.61 1416 407 5321.6 5406.15 23047
./instancias/reduzido/i160-215_sft 1e+09 1804.43 1800.75 320 -1 5124.29 5149.33 23340
./instancias/reduzido/i160-215_sft 1e+09 1803.93 1795.38 333 -1 5124.29 5149.33 23375
./instancias/reduzido/i160-215_sft 1e+09 1805.34 1800.86 555 -1 5124.29 5149.33 23786
./instancias/reduzido/i160-215_sft 1e+09 1804.06 1800.65 325 -1 5124.29 5149.33 23365
./instancias/reduzido/i160-215_sft 1e+09 1805.83 1800.43 559 -1 5124.29 5149.33 24017
./instancias/reduzido/i160-215_sft 1e+09 1804.2 1797.66 325 -1 5124.29 5149.33 23364
./instancias/reduzido/i160-215_sft 1e+09 1804.75 1798.85 492 -1 5124.29 5149.33 23728
./instancias/reduzido/i160-215_sft 1e+09 1805.12 1800.57 531 -1 5124.29 5149.33 23765
./instancias/reduzido/i160-215_sft 1e+09 1805.05 1799.56 496 -1 5124.29 5149.33 23735
./instancias/reduzido/i160-215_sft 1e+09 1805.13 1799.84 499 -1 5124.29 5149.33 23744
./instancias/reduzido/i160-232_sft 6451 150.326 146.31 158 136 6227.66 6450.64 12471
./instancias/reduzido/i160-232_sft 6451 145.395 141.418 158 136 6227.66 6450.64 12471
./instancias/reduzido/i160-232_sft 6451 144.648 140.792 158 136 6227.66 6450.64 12471
./instancias/reduzido/i160-232_sft 6451 146.546 142.616 158 136 6227.66 6450.64 12471
./instancias/reduzido/i160-232_sft 6451 153.185 149.14 158 136 6227.66 6450.64 12471
./instancias/reduzido/i160-232_sft 6451 144.863 140.993 158 136 6227.66 6450.64 12471
./instancias/reduzido/i160-232_sft 6451 154.8 150.727 158 136 6227.66 6450.64 12471
./instancias/reduzido/i160-232_sft 6451 155.786 151.704 158 136 6227.66 6450.64 12471
./instancias/reduzido/i160-232_sft 6455 540.827 535.656 625 622 6227.66 6455 16736
./instancias/reduzido/i160-232_sft 6451 156.54 152.391 158 136 6227.66 6450.64 12471
./instancias/reduzido/i160-241_sft 4428 411.165 408.529 203 202 4421.14 4427.4 11089
./instancias/reduzido/i160-241_sft 4428 407.71 405.109 203 202 4421.14 4427.4 11089
./instancias/reduzido/i160-241_sft 4428 414.451 411.788 203 202 4421.14 4427.4 11089
./instancias/reduzido/i160-241_sft 4428 407.918 405.309 203 202 4421.14 4427.4 11089
./instancias/reduzido/i160-241_sft 4428 411.742 409.085 203 202 4421.14 4427.4 11089
./instancias/reduzido/i160-241_sft 4428 418.35 415.696 203 202 4421.14 4427.4 11089
./instancias/reduzido/i160-241_sft 4428 411.091 408.423 203 202 4421.14 4427.4 11089
./instancias/reduzido/i160-241_sft 4428 420.941 418.267 203 202 4421.14 4427.4 11089
./instancias/reduzido/i160-241_sft 4428 418.737 416.114 203 202 4421.14 4427.4 11089
./instancias/reduzido/i160-241_sft 4428 425.435 422.739 203 202 4421.14 4427.4 11089
./instancias/reduzido/i160-242_sft 4438 468.719 467.352 16 15 4436.87 4437.3 10844
./instancias/reduzido/i160-242_sft 4438 469.607 468.234 16 15 4436.87 4437.3 10844
./instancias/reduzido/i160-242_sft 4438 479.574 478.198 16 15 4436.87 4437.3 10844
./instancias/reduzido/i160-242_sft 4438 466.72 465.361 16 15 4436.87 4437.3 10844
./instancias/reduzido/i160-242_sft 4438 476.191 474.808 16 15 4436.87 4437.3 10844
./instancias/reduzido/i160-242_sft 4438 470.333 468.938 16 15 4436.87 4437.3 10844
./instancias/reduzido/i160-242_sft 4438 467.08 465.715 16 15 4436.87 4437.3 10844
./instancias/reduzido/i160-242_sft 4438 484.282 482.88 16 15 4436.87 4437.3 10844
./instancias/reduzido/i160-242_sft 4438 480.928 479.53 16 15 4436.87 4437.3 10844
./instancias/reduzido/i160-242_sft 4438 464.105 462.757 16 15 4436.87 4437.3 10844
./instancias/reduzido/i160-243_sft 4433 636.237 633.993 20 18 4427.72 4433 12147
./instancias/reduzido/i160-243_sft 4433 646.159 643.917 20 18 4427.72 4433 12147
./instancias/reduzido/i160-243_sft 4433 630.458 628.259 20 18 4427.72 4433 12147
./instancias/reduzido/i160-243_sft 4433 657.597 655.341 20 18 4427.72 4433 12147
./instancias/reduzido/i160-243_sft 4433 635.275 633.022 20 18 4427.72 4433 12147
./instancias/reduzido/i160-243_sft 4433 633.639 631.389 20 18 4427.72 4433 12147
./instancias/reduzido/i160-243_sft 4433 650.644 648.385 20 18 4427.72 4433 12147
./instancias/reduzido/i160-243_sft 4433 646.692 644.423 20 18 4427.72 4433 12147
./instancias/reduzido/i160-243_sft 4433 655.977 653.724 20 18 4427.72 4433 12147
./instancias/reduzido/i160-243_sft 4433 631.027 628.779 20 18 4427.72 4433 12147
./instancias/reduzido/i160-244_sft 4307 223.454 222.46 0 0 4307 4307 8167
./instancias/reduzido/i160-244_sft 4307 227.739 226.745 0 0 4307 4307 8167
./instancias/reduzido/i160-244_sft 4307 227.914 226.92 0 0 4307 4307 8167
./instancias/reduzido/i160-244_sft 4307 224.88 223.883 0 0 4307 4307 8167
./instancias/reduzido/i160-244_sft 4307 222.348 221.362 0 0 4307 4307 8167
./instancias/reduzido/i160-244_sft 4307 228.358 227.359 0 0 4307 4307 8167
./instancias/reduzido/i160-244_sft 4307 220.817 219.823 0 0 4307 4307 8167
./instancias/reduzido/i160-244_sft 4307 224.763 223.768 0 0 4307 4307 8167
./instancias/reduzido/i160-244_sft 4307 224.043 223.052 0 0 4307 4307 8167
./instancias/reduzido/i160-244_sft 4307 217.476 216.501 0 0 4307 4307 8167
./instancias/reduzido/i160-245_sft 4532 526.51 525.483 0 0 4532 4532 10713
./instancias/reduzido/i160-245_sft 4532 514.498 513.495 0 0 4532 4532 10713
./instancias/reduzido/i160-245_sft 4532 515.68 514.669 0 0 4532 4532 10713
./instancias/reduzido/i160-245_sft 4532 513.086 512.062 0 0 4532 4532 10713
./instancias/reduzido/i160-245_sft 4532 527.116 526.076 0 0 4532 4532 10713
./instancias/reduzido/i160-245_sft 4532 515.023 514.026 0 0 4532 4532 10713
./instancias/reduzido/i160-245_sft 4532 527.952 526.926 0 0 4532 4532 10713
./instancias/reduzido/i160-245_sft 4532 734.494 733.2 0 0 4532 4532 10713
