Instância Best_Integer Tempo_Total Tempo_Solver #Nós Nó_Solução LP Melhor_Bound #Cortes
./instancias/reduzido/i160-341_sft 7397 1136.41 1134.03 9 6 7390.5 7397 15983
./instancias/reduzido/i160-341_sft 7397 1136.36 1133.97 9 6 7390.5 7397 15983
./instancias/reduzido/i160-341_sft 7397 1123.33 1120.97 9 6 7390.5 7397 15983
./instancias/reduzido/i160-341_sft 7397 1128.58 1126.2 9 6 7390.5 7397 15983
./instancias/reduzido/i160-341_sft 7397 1141.56 1139.13 9 6 7390.5 7397 15983
./instancias/reduzido/i160-341_sft 7397 1155.29 1152.87 9 6 7390.5 7397 15983
./instancias/reduzido/i160-341_sft 7397 1155.23 1152.76 9 6 7390.5 7397 15983
./instancias/reduzido/i160-341_sft 7397 1311.22 1308.64 9 6 7390.5 7397 15983
./instancias/reduzido/i160-341_sft 7397 1183.66 1181.24 9 6 7390.5 7397 15983
./instancias/reduzido/i160-341_sft 7397 1294.39 1291.78 9 6 7390.5 7397 15983
./instancias/reduzido/i160-342_sft 1e+09 1801.27 1796.24 0 -1 7460.16 7460.16 17462
./instancias/reduzido/i160-342_sft 1e+09 1801.27 1796.81 0 -1 7460.16 7460.16 17462
./instancias/reduzido/i160-342_sft 1e+09 1801.44 1798.48 0 -1 7461.28 7461.28 17544
./instancias/reduzido/i160-342_sft 1e+09 1801.29 1797.48 0 -1 7461.28 7461.28 17544
./instancias/reduzido/i160-342_sft 1e+09 1801.03 1797.44 0 -1 7461 7461 17504
./instancias/reduzido/i160-342_sft 1e+09 1801.38 1799.44 0 -1 7461.74 7461.74 17554
./instancias/reduzido/i160-342_sft 1e+09 1801.04 1793.56 0 -1 7460.16 7460.16 17462
./instancias/reduzido/i160-342_sft 1e+09 1801.24 1796.54 0 -1 7461 7461 17504
./instancias/reduzido/i160-342_sft 1e+09 1801.53 1798.69 0 -1 7461 7461 17504
./instancias/reduzido/i160-342_sft 1e+09 1801.27 1799.45 0 -1 7462.82 7462.82 17578
./instancias/reduzido/i160-343_sft 1e+09 1801.44 1795.81 0 -1 7520.39 7520.39 16986
./instancias/reduzido/i160-343_sft 1e+09 1801.13 1785.52 0 -1 7524.83 7524.83 17334
./instancias/reduzido/i160-343_sft 1e+09 1801.08 1791.11 0 -1 7523.8 7523.8 17276
./instancias/reduzido/i160-343_sft 1e+09 1800.98 1785.86 0 -1 7523.8 7523.8 17276
./instancias/reduzido/i160-343_sft 1e+09 1800.96 1791.46 0 -1 7523.8 7523.8 17276
./instancias/reduzido/i160-343_sft 1e+09 1801.04 1795.69 0 -1 7523.41 7523.41 17216
./instancias/reduzido/i160-343_sft 1e+09 1801.38 1790.44 0 -1 7524.83 7524.83 17334
./instancias/reduzido/i160-343_sft 1e+09 1801.34 1796.85 0 -1 7523.8 7523.8 17276
./instancias/reduzido/i160-343_sft 1e+09 1801.4 1791.86 0 -1 7524.83 7524.83 17334
./instancias/reduzido/i160-343_sft 1e+09 1800.98 1797.65 0 -1 7524.83 7524.83 17334
./instancias/reduzido/i160-344_sft 1e+09 1800.78 1788.43 0 -1 7558.38 7558.38 17186
./instancias/reduzido/i160-344_sft 1e+09 1800.7 1791.23 0 -1 7560.09 7560.09 17228
./instancias/reduzido/i160-344_sft 1e+09 1800.84 1797.9 0 -1 7560.09 7560.09 17228
./instancias/reduzido/i160-344_sft 1e+09 1800.76 1794.56 0 -1 7558.38 7558.38 17186
./instancias/reduzido/i160-344_sft 1e+09 1801.57 1789.55 0 -1 7558.38 7558.38 17186
./instancias/reduzido/i160-344_sft 1e+09 1802.11 1793.9 0 -1 7560.09 7560.09 17228
./instancias/reduzido/i160-344_sft 1e+09 1801.9 1798.45 0 -1 7560.09 7560.09 17228
./instancias/reduzido/i160-344_sft 1e+09 1800.84 1790.78 0 -1 7557.58 7557.58 17148
./instancias/reduzido/i160-344_sft 1e+09 1800.8 1799.16 0 -1 7558.38 7558.38 17186
./instancias/reduzido/i160-344_sft 1e+09 1802.49 1793.81 0 -1 7560.09 7560.09 17228
./instancias/reduzido/i160-345_sft 7356 1446.7 1444.16 9 6 7352 7356 15850
./instancias/reduzido/i160-345_sft 7356 1456.33 1453.72 9 6 7352 7356 15850
./instancias/reduzido/i160-345_sft 7356 1370.59 1368.17 9 6 7352 7356 15850
./instancias/reduzido/i160-345_sft 7356 1373.48 1371.02 9 6 7352 7356 15850
./instancias/reduzido/i160-345_sft 7356 1373.27 1370.84 9 6 7352 7356 15850
./instancias/reduzido/i160-345_sft 7356 1387.48 1385.01 9 6 7352 7356 15850
./instancias/reduzido/i160-345_sft 7356 1392.59 1390.11 9 6 7352 7356 15850
./instancias/reduzido/i160-345_sft 7356 1386.82 1384.29 9 6 7352 7356 15850
./instancias/reduzido/i160-345_sft 7356 1399.24 1396.78 9 6 7352 7356 15850
./instancias/reduzido/i160-345_sft 7356 1385.45 1382.98 9 6 7352 7356 15850
./instancias/reduzido/i320-011_sft 1e+09 1803.05 1802.06 28 -1 1742.11 1825.04 9191
./instancias/reduzido/i320-011_sft 1e+09 1803.16 1797.29 27 -1 1742.11 1825.04 9173
./instancias/reduzido/i320-011_sft 1e+09 1804.45 1801.35 27 -1 1742.11 1825.04 9173
./instancias/reduzido/i320-011_sft 1e+09 1803.5 1786.78 23 -1 1742.11 1825.04 9154
./instancias/reduzido/i320-011_sft 1e+09 1804.47 1799.41 28 -1 1742.11 1825.04 9191
./instancias/reduzido/i320-011_sft 1e+09 1803.67 1802.71 27 -1 1742.11 1825.04 9185
./instancias/reduzido/i320-011_sft 1e+09 1803.14 1801.65 23 -1 1742.11 1825.04 9168
./instancias/reduzido/i320-011_sft 1e+09 1803.39 1795.72 9 -1 1742.11 1825.04 9034
./instancias/reduzido/i320-011_sft 1e+09 1804.4 1802.27 7 -1 1742.11 1825.04 8946
./instancias/reduzido/i320-011_sft 1e+09 1804.62 1801.64 7 -1 1742.11 1825.04 8973
./instancias/reduzido/i320-014_sft 1e+09 1804.35 1798.19 2 -1 1743.23 1743.55 8972
./instancias/reduzido/i320-014_sft 1e+09 1804.3 1772.56 2 -1 1743.23 1743.55 8972
./instancias/reduzido/i320-014_sft 1e+09 1804.1 1801.71 1 -1 1743.23 1743.46 8451
./instancias/reduzido/i320-014_sft 1e+09 1805.5 1803.93 1 -1 1743.23 1743.46 8802
./instancias/reduzido/i320-014_sft 1e+09 1804.53 1802.32 1 -1 1743.23 1743.46 8801
./instancias/reduzido/i320-014_sft 1e+09 1803.9 1800.63 2 -1 1743.23 1743.55 8977
./instancias/reduzido/i320-014_sft 1e+09 1803.96 1799.08 4 -1 1743.23 1806.92 8977
./instancias/reduzido/i320-014_sft 1e+09 1804.05 1795.4 5 -1 1743.23 1812.42 8977
./instancias/reduzido/i320-014_sft 1e+09 1804.05 1773.38 2 -1 1743.23 1743.55 8972
./instancias/reduzido/i320-014_sft 1e+09 1804.39 1802.64 3 -1 1743.23 1806.92 8977
./instancias/reduzido/i320-015_sft 1e+09 1802.89 1772.72 7 -1 1663.52 1766.14 6708
./instancias/reduzido/i320-015_sft 1781 1801.98 1800.64 8 7 1663.52 1766.14 6712
./instancias/reduzido/i320-015_sft 1781 1802.78 1797.29 8 7 1663.52 1766.14 6715
./instancias/reduzido/i320-015_sft 1781 1801.93 1800.99 7 7 1663.52 1766.14 6709
./instancias/reduzido/i320-015_sft 1781 1801.96 1800.36 8 7 1663.52 1766.14 6715
./instancias/reduzido/i320-015_sft 1781 1802.08 1787.26 8 7 1663.52 1766.14 6712
./instancias/reduzido/i320-015_sft 1781 1802.11 1800.42 8 7 1663.52 1766.14 6715
./instancias/reduzido/i320-015_sft 1781 1802.68 1790.89 8 7 1663.52 1766.14 6709
./instancias/reduzido/i320-015_sft 1781 1802.2 1795.77 8 7 1663.52 1766.14 6715
./instancias/reduzido/i320-015_sft 1781 1802.14 1800.76 8 7 1663.52 1766.14 6712
./instancias/reduzido/i320-031_sft 1e+09 1814.02 1811.43 88 -1 2413.95 2528.55 14313
./instancias/reduzido/i320-031_sft 1e+09 1814.47 1797.4 99 -1 2413.95 2528.55 14349
./instancias/experimentos/i320-031_sft 1e+09 1816.97 1813.95 86 -1 2413.95 2528.55 14296
./instancias/experimentos/i320-031_sft 1e+09 1815.25 1813.47 78 -1 2413.95 2528.55 14034
./instancias/experimentos/i320-031_sft 1e+09 1816.88 1810.91 82 -1 2413.95 2528.55 14116
./instancias/experimentos/i320-031_sft 1e+09 1813.75 1805.01 78 -1 2413.95 2528.55 13671
./instancias/experimentos/i320-031_sft 1e+09 1815.13 1813.35 78 -1 2413.95 2528.55 14092
./instancias/experimentos/i320-031_sft 1e+09 1814.88 1812.88 93 -1 2413.95 2528.55 14347
./instancias/experimentos/i320-031_sft 1e+09 1815.04 1806.27 99 -1 2413.95 2528.55 14373
./instancias/experimentos/i320-031_sft 1e+09 1814.47 1807.33 99 -1 2413.95 2528.55 14358
./instancias/experimentos/i320-031_sft 1e+09 1811.81 1808.59 75 -1 2413.95 2528.55 13626
./instancias/experimentos/i320-031_sft 1e+09 1811.98 1809.83 75 -1 2413.95 2528.55 13583
./instancias/experimentos/i320-032_sft 2379 664.988 662.755 18 13 2255.99 2379 6359
./instancias/experimentos/i320-032_sft 2379 634.798 632.326 18 13 2255.99 2379 6359
./instancias/experimentos/i320-032_sft 2379 544.08 542.209 18 13 2255.99 2379 6359
./instancias/experimentos/i320-032_sft 2379 448.165 446.363 18 13 2255.99 2379 6359
./instancias/experimentos/i320-032_sft 2379 482.688 480.891 18 13 2255.99 2379 6359
./instancias/experimentos/i320-032_sft 2379 453.672 452.027 18 13 2255.99 2379 6359
./instancias/experimentos/i320-032_sft 2379 482.735 480.945 18 13 2255.99 2379 6359
./instancias/experimentos/i320-032_sft 2379 478.02 476.242 18 13 2255.99 2379 6359
./instancias/experimentos/i320-032_sft 2379 435.312 433.707 18 13 2255.99 2379 6359
./instancias/experimentos/i320-032_sft 2379 435.324 433.705 18 13 2255.99 2379 6359
./instancias/experimentos/i320-043_sft 1e+09 1802.2 1799.1 0 -1 1293.09 1293.09 3686
./instancias/experimentos/i320-043_sft 1e+09 1802.19 1799.65 0 -1 1294.32 1294.32 3702
./instancias/experimentos/i320-043_sft 1e+09 1802.52 1799.3 0 -1 1294.32 1294.32 3702
./instancias/experimentos/i320-043_sft 1e+09 1802.63 1798.69 0 -1 1294.14 1294.14 3700
./instancias/experimentos/i320-043_sft 1e+09 1803.14 1800.67 0 -1 1294.83 1294.83 3708
./instancias/experimentos/i320-043_sft 1e+09 1802.7 1799.56 0 -1 1291.6 1291.6 3666
./instancias/experimentos/i320-043_sft 1e+09 1802.63 1800.55 0 -1 1291.46 1291.46 3664
./instancias/experimentos/i320-043_sft 1e+09 1802.64 1800.38 0 -1 1292.82 1292.82 3682
./instancias/experimentos/i320-043_sft 1e+09 1802.55 1799.32 0 -1 1295.1 1295.1 3712
./instancias/experimentos/i320-043_sft 1e+09 1802.17 1798.91 0 -1 1292.82 1292.82 3682
./instancias/experimentos/i320-111_sft 1e+09 1801.73 1796.53 1 -1 3871.45 3872.11 20516
./instancias/experimentos/i320-111_sft 1e+09 1801.74 1794.89 1 -1 3871.45 3872.11 20499
./instancias/experimentos/i320-111_sft 1e+09 1801.29 1798.98 1 -1 3871.45 3872.11 20483
./instancias/experimentos/i320-111_sft 1e+09 1802.56 1797.11 1 -1 3871.45 3872.11 19956
./instancias/experimentos/i320-111_sft 1e+09 1807.99 1802.7 1 -1 3871.45 3872.11 18353
./instancias/experimentos/i320-111_sft 1e+09 1801.77 1799.27 1 -1 3871.45 3872.11 20016
./instancias/experimentos/i320-111_sft 1e+09 1801.04 1799.4 1 -1 3871.45 3872.11 20278
./instancias/experimentos/i320-111_sft 1e+09 1803.3 1797.83 1 -1 3871.45 3872.11 19601
./instancias/experimentos/i320-111_sft 1e+09 1801.46 1798.27 1 -1 3871.45 3872.11 20326
./instancias/experimentos/i320-111_sft 1e+09 1802 1795.13 1 -1 3871.45 3872.11 19339
./instancias/experimentos/i320-112_sft 1e+09 1803.37 1791.99 3 -1 3621.67 3662.54 19846
./instancias/experimentos/i320-112_sft 1e+09 1802.99 1800.27 3 -1 3621.67 3662.54 20103
./instancias/experimentos/i320-112_sft 1e+09 1804.43 1802.12 1 -1 3621.67 3621.95 18091
./instancias/experimentos/i320-112_sft 1e+09 1804.83 1798.44 1 -1 3621.67 3621.95 19186
./instancias/experimentos/i320-112_sft 1e+09 1802.99 1800.68 2 -1 3621.67 3622.02 19813
./instancias/experimentos/i320-112_sft 1e+09 1803.7 1800.87 4 -1 3621.67 3662.54 20524
./instancias/experimentos/i320-112_sft 1e+09 1804.05 1800.47 4 -1 3621.67 3662.54 20591
./instancias/experimentos/i320-112_sft 1e+09 1803.77 1801.08 3 -1 3621.67 3662.54 20446
./instancias/experimentos/i320-112_sft 1e+09 1804.13 1801.05 4 -1 3621.67 3662.54 20591
./instancias/experimentos/i320-112_sft 1e+09 1803.8 1794.14 4 -1 3621.67 3662.54 20484
./instancias/experimentos/i320-113_sft 1e+09 1801.2 1797.13 1 -1 3610.65 3610.89 19531
./instancias/experimentos/i320-113_sft 1e+09 1801.78 1795.48 1 -1 3610.65 3610.89 18619
./instancias/experimentos/i320-113_sft 1e+09 1804.84 1800.47 1 -1 3610.65 3610.89 18642
./instancias/experimentos/i320-113_sft 1e+09 1807.91 1800.31 1 -1 3610.65 3610.89 17552
./instancias/experimentos/i320-113_sft 1e+09 1800.94 1796.2 1 -1 3610.65 3610.89 19204
./instancias/experimentos/i320-113_sft 1e+09 1801.58 1794.86 1 -1 3610.65 3610.89 19283
./instancias/experimentos/i320-113_sft 1e+09 1801.01 1795.02 1 -1 3610.65 3610.89 19266
./instancias/experimentos/i320-113_sft 1e+09 1800.96 1795.04 1 -1 3610.65 3610.89 19283
./instancias/experimentos/i320-113_sft 1e+09 1800.89 1792.14 1 -1 3610.65 3610.89 19249
./instancias/experimentos/i320-113_sft 1e+09 1801.43 1799.12 1 -1 3610.65 3610.89 19500
./instancias/experimentos/i320-114_sft 1e+09 1802.27 1797.76 1 -1 3594.92 3595.15 19605
./instancias/experimentos/i320-114_sft 1e+09 1802.36 1798.32 1 -1 3594.92 3595.15 19726
./instancias/experimentos/i320-114_sft 1e+09 1802.53 1799.67 1 -1 3594.92 3595.15 19438
./instancias/experimentos/i320-114_sft 1e+09 1802.17 1799.68 1 -1 3594.92 3595.15 19754
./instancias/experimentos/i320-114_sft 1e+09 1802.55 1799.13 1 -1 3594.92 3595.15 19444
./instancias/experimentos/i320-114_sft 1e+09 1802.44 1798.33 1 -1 3594.92 3595.15 19526
./instancias/experimentos/i320-114_sft 1e+09 1802.19 1797.55 1 -1 3594.92 3595.15 19506
./instancias/experimentos/i320-114_sft 1e+09 1802.25 1798.31 1 -1 3594.92 3595.15 19766
./instancias/experimentos/i320-114_sft 1e+09 1802.28 1798.05 1 -1 3594.92 3595.15 19582
./instancias/experimentos/i320-114_sft 1e+09 1803.3 1799.03 1 -1 3594.92 3595.15 19754
./instancias/experimentos/i320-115_sft 1e+09 1800.01 1794.18 0 -1 3762.4 3762.4 23733
./instancias/experimentos/i320-115_sft 1e+09 1800.76 1798.44 0 -1 3762.4 3762.4 23733
./instancias/experimentos/i320-115_sft 1e+09 1800.06 1797.57 0 -1 3754.88 3754.88 23190
./instancias/experimentos/i320-115_sft 1e+09 1799.98 1792.58 0 -1 3760.2 3760.2 23583
./instancias/experimentos/i320-115_sft 1e+09 1800 1795.72 0 -1 3756.66 3756.66 23326
./instancias/experimentos/i320-115_sft 1e+09 1800.06 1793.64 0 -1 3751.24 3751.24 22938
./instancias/experimentos/i320-115_sft 1e+09 1801.44 1799.94 0 -1 3762.4 3762.4 23733
./instancias/experimentos/i320-115_sft 1e+09 1800.01 1794.6 0 -1 3752.87 3752.87 23046
./instancias/experimentos/i320-115_sft 1e+09 1800.24 1793.12 0 -1 3757.13 3757.13 23360
./instancias/experimentos/i320-115_sft 1e+09 1800.36 1798.06 0 -1 3752.33 3752.33 23016
./instancias/experimentos/i320-135_sft 1e+09 1806.55 1803.34 72 -1 5160.37 5223.2 31827
./instancias/experimentos/i320-135_sft 1e+09 1806.45 1796.7 74 -1 5160.37 5223.2 31852
./instancias/experimentos/i320-135_sft 1e+09 1806.7 1803.85 82 -1 5160.37 5223.2 32025
./instancias/experimentos/i320-135_sft 1e+09 1806.55 1803.44 70 -1 5160.37 5223.2 31814
./instancias/experimentos/i320-135_sft 1e+09 1806.66 1803.51 77 -1 5160.37 5223.2 31894
./instancias/experimentos/i320-135_sft 1e+09 1806.83 1802.45 85 -1 5160.37 5223.2 32089
./instancias/experimentos/i320-135_sft 1e+09 1807.12 1799.79 90 -1 5160.37 5223.2 32094
./instancias/experimentos/i320-135_sft 1e+09 1806.59 1802.61 82 -1 5160.37 5223.2 32015
./instancias/experimentos/i320-135_sft 1e+09 1806.16 1803.32 67 -1 5160.37 5223.2 31712
./instancias/experimentos/i320-135_sft 1e+09 1806.23 1802.96 67 -1 5160.37 5223.2 31725
./instancias/experimentos/i320-141_sft 1e+09 1807.79 1800.63 0 -1 2786.06 2786.06 8347
./instancias/experimentos/i320-141_sft 1e+09 1807.38 1798.74 0 -1 2785.37 2785.37 8335
./instancias/experimentos/i320-141_sft 1e+09 1807.42 1804.36 0 -1 2786.74 2786.74 8355
./instancias/experimentos/i320-141_sft 1e+09 1807.46 1796.42 0 -1 2783.78 2783.78 8315
./instancias/experimentos/i320-141_sft 1e+09 1807.39 1798.49 0 -1 2789.4 2789.4 8395
./instancias/experimentos/i320-141_sft 1e+09 1807.02 1801.5 0 -1 2786.74 2786.74 8355
./instancias/experimentos/i320-141_sft 1e+09 1807.99 1803.75 0 -1 2788.05 2788.05 8373
./instancias/experimentos/i320-141_sft 1e+09 1807.31 1796.93 0 -1 2789.4 2789.4 8395
./instancias/experimentos/i320-141_sft 1e+09 1808.28 1802.06 0 -1 2765.89 2765.89 8067
./instancias/experimentos/i320-141_sft 1e+09 1810.85 1803.37 0 -1 2771.32 2771.32 8143
./instancias/experimentos/i320-145_sft 1e+09 1806.13 1797.61 0 -1 2743.87 2743.87 8250
./instancias/experimentos/i320-145_sft 1e+09 1806.21 1799.86 0 -1 2750.76 2750.76 8361
./instancias/experimentos/i320-145_sft 1e+09 1806.06 1797.67 0 -1 2749.94 2749.94 8349
./instancias/experimentos/i320-145_sft 1e+09 1806.13 1799.94 0 -1 2753.17 2753.17 8403
./instancias/experimentos/i320-145_sft 1e+09 1806.49 1802.54 0 -1 2752.39 2752.39 8389
./instancias/experimentos/i320-145_sft 1e+09 1806.36 1795.57 0 -1 2753.93 2753.93 8415
./instancias/experimentos/i320-145_sft 1e+09 1806.07 1795.6 0 -1 2753.93 2753.93 8415
./instancias/experimentos/i320-145_sft 1e+09 1806.77 1799.47 0 -1 2757.31 2757.31 8464
./instancias/experimentos/i320-145_sft 1e+09 1806.63 1802.47 0 -1 2753.17 2753.17 8403
./instancias/experimentos/i320-145_sft 1e+09 1806.13 1795.39 0 -1 2753.93 2753.93 8415
./instancias/experimentos/i320-205_sft 1e+09 1806.3 1797.57 91 -1 10118.7 10176.5 38034
./instancias/experimentos/i320-205_sft 1e+09 1806.34 1789.61 84 -1 10118.7 10176.5 37899
./instancias/experimentos/i320-205_sft 1e+09 1805.74 1794.12 83 -1 10118.7 10176.5 37830
./instancias/experimentos/i320-205_sft 1e+09 1806.34 1799.06 101 -1 10118.7 10176.5 38560
./instancias/experimentos/i320-205_sft 1e+09 1805.93 1789.83 99 -1 10118.7 10176.5 38490
./instancias/experimentos/i320-205_sft 1e+09 1806.58 1791.44 83 -1 10118.7 10176.5 37733
./instancias/experimentos/i320-205_sft 1e+09 1806.51 1798.17 96 -1 10118.7 10176.5 38365
./instancias/experimentos/i320-205_sft 1e+09 1806.31 1799.4 94 -1 10118.7 10176.5 38200
./instancias/experimentos/i320-205_sft 1e+09 1806.38 1799.57 102 -1 10118.7 10176.5 38572
./instancias/experimentos/i320-205_sft 1e+09 1806.45 1799.78 101 -1 10118.7 10176.5 38557
./instancias/experimentos/i320-211_sft 1e+09 1800.17 1795.6 0 -1 6920.01 6920.01 23261
./instancias/experimentos/i320-211_sft 1e+09 1800.12 1794.03 0 -1 6918.49 6918.49 23145
./instancias/experimentos/i320-211_sft 1e+09 1800.2 1795.46 0 -1 6920.01 6920.01 23261
./instancias/experimentos/i320-211_sft 1e+09 1800.12 1785.77 0 -1 6921.67 6921.67 23343
./instancias/experimentos/i320-211_sft 1e+09 1800.15 1785.56 0 -1 6916.67 6916.67 23058
./instancias/experimentos/i320-211_sft 1e+09 1800.15 1791.41 0 -1 6921.67 6921.67 23343
./instancias/experimentos/i320-211_sft 1e+09 1800.18 1784.33 0 -1 6916.67 6916.67 23058
./instancias/experimentos/i320-211_sft 1e+09 1800.12 1789.18 0 -1 6916.67 6916.67 23058
./instancias/experimentos/i320-211_sft 1e+09 1802.16 1798.36 0 -1 6895.52 6895.52 22001
./instancias/experimentos/i320-211_sft 1e+09 1801.27 1787.99 0 -1 6888.9 6888.9 21607
./instancias/experimentos/i320-212_sft 1e+09 1800.77 1794.87 0 -1 7021.36 7021.36 22331
./instancias/experimentos/i320-212_sft 1e+09 1802.55 1784.89 0 -1 7036.26 7036.26 23208
./instancias/experimentos/i320-212_sft 1e+09 1800.54 1795.26 0 -1 7034.24 7034.24 23099
./instancias/experimentos/i320-212_sft 1e+09 1800.26 1789.05 0 -1 7068.73 7068.73 25385
./instancias/experimentos/i320-212_sft 1e+09 1800.46 1787.21 0 -1 7063.48 7063.48 24978
./instancias/experimentos/i320-212_sft 1e+09 1800.29 1791.64 0 -1 7065.28 7065.28 25112
./instancias/experimentos/i320-212_sft 1e+09 1800.74 1791.08 0 -1 7067.13 7067.13 25255
./instancias/experimentos/i320-212_sft 1e+09 1800.29 1783.73 0 -1 7067.13 7067.13 25255
./instancias/experimentos/i320-212_sft 1e+09 1800.53 1786.53 0 -1 7068.73 7068.73 25385
./instancias/experimentos/i320-212_sft 1e+09 1800.38 1788.91 0 -1 7068.73 7068.73 25385
./instancias/experimentos/i320-213_sft 1e+09 1800.52 1794.11 0 -1 6807.06 6807.06 23322
./instancias/experimentos/i320-213_sft 1e+09 1800.69 1796.47 0 -1 6807.87 6807.87 23392
./instancias/experimentos/i320-213_sft 1e+09 1800.38 1788.82 0 -1 6807.87 6807.87 23392
./instancias/experimentos/i320-213_sft 1e+09 1800.45 1787.42 0 -1 6804.42 6804.42 23135
./instancias/experimentos/i320-213_sft 1e+09 1800.96 1791.59 0 -1 6796.46 6796.46 22504
./instancias/experimentos/i320-213_sft 1e+09 1800.78 1786.85 0 -1 6802.18 6802.18 22937
./instancias/experimentos/i320-213_sft 1e+09 1801.82 1790.55 0 -1 6756.54 6756.54 19584
./instancias/experimentos/i320-213_sft 1e+09 1801.2 1794.75 0 -1 6782.18 6782.18 21318
./instancias/experimentos/i320-213_sft 1e+09 1801.04 1788.59 0 -1 6799.82 6799.82 22756
./instancias/experimentos/i320-213_sft 1e+09 1800.69 1788.31 0 -1 6801.32 6801.32 22870
./instancias/experimentos/i320-214_sft 1e+09 1800.89 1790.94 0 -1 7024.84 7024.84 23256
./instancias/experimentos/i320-214_sft 1e+09 1800.74 1796.08 0 -1 7018.55 7018.55 22855
./instancias/experimentos/i320-214_sft 1e+09 1800.69 1795.98 0 -1 7023.82 7023.82 23169
./instancias/experimentos/i320-214_sft 1e+09 1800.68 1789.6 0 -1 7015.69 7015.69 22637
./instancias/experimentos/i320-214_sft 1e+09 1800.6 1789.52 0 -1 7018.55 7018.55 22855
./instancias/experimentos/i320-214_sft 1e+09 1800.6 1789.08 0 -1 7019.71 7019.71 22945
./instancias/experimentos/i320-214_sft 1e+09 1800.44 1788.75 0 -1 7018.55 7018.55 22855
./instancias/experimentos/i320-214_sft 1e+09 1800.47 1798.45 0 -1 7020.97 7020.97 23007
./instancias/experimentos/i320-214_sft 1e+09 1800.9 1796.75 0 -1 7019.71 7019.71 22945
./instancias/experimentos/i320-214_sft 1e+09 1801.24 1796.35 0 -1 7001.38 7001.38 21714
./instancias/experimentos/i320-215_sft 1e+09 1803.39 1780.13 0 -1 7056.73 7056.73 25482
./instancias/experimentos/i320-215_sft 1e+09 1801.06 1790.27 0 -1 7049.37 7049.37 24987
./instancias/experimentos/i320-215_sft 1e+09 1801.33 1797.28 0 -1 7049.37 7049.37 24987
./instancias/experimentos/i320-215_sft 1e+09 1801.62 1796.4 0 -1 7038.91 7038.91 24269
./instancias/experimentos/i320-215_sft 1e+09 1801.29 1799.19 0 -1 7056.73 7056.73 25482
./instancias/experimentos/i320-215_sft 1e+09 1800.36 1776.75 0 -1 7066.44 7066.44 26230
./instancias/experimentos/i320-215_sft 1e+09 1800.76 1782.73 0 -1 7068.19 7068.19 26346
./instancias/experimentos/i320-215_sft 1e+09 1800.43 1779.74 0 -1 7066.44 7066.44 26230
./instancias/experimentos/i320-215_sft 1e+09 1800.36 1777.21 0 -1 7066.44 7066.44 26230
./instancias/experimentos/i320-215_sft 1e+09 1800.7 1779.6 0 -1 7069.86 7069.86 26485
./instancias/experimentos/i320-221_sft 1e+09 1808.94 1799.23 0 -1 3453 3420 4114
./instancias/experimentos/i320-221_sft 1e+09 1807.54 1801.61 0 -1 3422 3420 3502
./instancias/experimentos/i320-221_sft 1e+09 1807.04 1799.98 0 -1 3425 3420 3587
./instancias/experimentos/i320-221_sft 1e+09 1807.62 1801.6 0 -1 3446 3420 3978
./instancias/experimentos/i320-221_sft 1e+09 1808.75 1802.88 0 -1 3451 3420 4046
./instancias/experimentos/i320-221_sft 1e+09 1807 1800.85 0 -1 3432 3420 3672
./instancias/experimentos/i320-221_sft 1e+09 1807.99 1799.75 0 -1 3453 3420 4114
./instancias/experimentos/i320-221_sft 1e+09 1808.78 1797.13 0 -1 3453 3420 4114
./instancias/experimentos/i320-221_sft 1e+09 1807.39 1801.51 0 -1 3428 3420 3638
./instancias/experimentos/i320-221_sft 1e+09 1807.05 1801.17 0 -1 3419.23 3420 3434
./instancias/experimentos/i320-222_sft 1e+09 1808.79 1761.29 0 -1 3519 3496 4896
./instancias/experimentos/i320-222_sft 1e+09 1809.18 1764.39 0 -1 3519 3496 4896
./instancias/experimentos/i320-222_sft 1e+09 1809.44 1783.67 0 -1 3519 3496 4896
./instancias/experimentos/i320-222_sft 1e+09 1808.98 1784.79 0 -1 3486 3486 4556
./instancias/experimentos/i320-222_sft 1e+09 1809.43 1768.29 0 -1 3519 3496 4896
./instancias/experimentos/i320-222_sft 1e+09 1809.27 1748.48 0 -1 3519 3496 4896
./instancias/experimentos/i320-222_sft 1e+09 1809.37 1747.94 0 -1 3519 3496 4896
./instancias/experimentos/i320-222_sft 1e+09 1809.86 1748.53 0 -1 3519 3496 4896
./instancias/experimentos/i320-222_sft 1e+09 1810.11 1762.49 0 -1 3519 3496 4896
./instancias/experimentos/i320-222_sft 1e+09 1809.14 1752.85 0 -1 3519 3496 4896
./instancias/experimentos/i320-223_sft 1e+09 1809.07 1802.72 0 -1 3503 3492 4760
./instancias/experimentos/i320-223_sft 1e+09 1808.89 1800.33 0 -1 3517 3492 4913
./instancias/experimentos/i320-223_sft 1e+09 1809.1 1792.94 0 -1 3499 3492 4743
./instancias/experimentos/i320-223_sft 1e+09 1809.14 1801.14 0 -1 3517 3492 4913
./instancias/experimentos/i320-223_sft 1e+09 1809.49 1802.57 0 -1 3529 3492 4964
./instancias/experimentos/i320-223_sft 1e+09 1809.47 1802.83 0 -1 3503 3492 4777
./instancias/experimentos/i320-223_sft 1e+09 1808.95 1802.3 0 -1 3509 3492 4845
./instancias/experimentos/i320-223_sft 1e+09 1808.15 1790.84 0 -1 3455.75 3455.75 4182
./instancias/experimentos/i320-223_sft 1e+09 1809.28 1801.99 0 -1 3520 3492 4930
./instancias/experimentos/i320-223_sft 1e+09 1806.94 1756.44 0 -1 3393 3393 2839
./instancias/experimentos/i320-224_sft 1e+09 1806.61 1786.88 0 -1 3407 3406 3190
./instancias/experimentos/i320-224_sft 1e+09 1806.61 1800.19 0 -1 3410 3410 3241
./instancias/experimentos/i320-224_sft 1e+09 1806.75 1794.61 0 -1 3407 3406 3190
./instancias/experimentos/i320-224_sft 1e+09 1806.52 1790.09 0 -1 3407 3406 3190
./instancias/experimentos/i320-224_sft 1e+09 1808.25 1798.69 0 -1 3447 3418 4057
./instancias/experimentos/i320-224_sft 1e+09 1807.29 1801.82 0 -1 3420 3418 3428
./instancias/experimentos/i320-224_sft 1e+09 1806.86 1801.27 0 -1 3425 3418 3581
./instancias/experimentos/i320-224_sft 1e+09 1807.25 1796.89 0 -1 3407 3406 3190
./instancias/experimentos/i320-224_sft 1e+09 1806.83 1794.68 0 -1 3407 3406 3190
./instancias/experimentos/i320-224_sft 1e+09 1808.55 1799.84 0 -1 3447 3418 4057
./instancias/experimentos/i320-225_sft 1e+09 1806.25 1746.12 0 -1 3402 3401 3026
./instancias/experimentos/i320-225_sft 1e+09 1806.19 1734.91 0 -1 3402 3401 3026
./instancias/experimentos/i320-225_sft 1e+09 1806.44 1744.3 0 -1 3402 3401 3026
./instancias/experimentos/i320-225_sft 1e+09 1806.29 1749.87 0 -1 3402 3401 3026
./instancias/experimentos/i320-225_sft 1e+09 1806.44 1737.14 0 -1 3402 3401 3026
./instancias/experimentos/i320-225_sft 1e+09 1806.58 1770.36 0 -1 3402 3401 3026
./instancias/experimentos/i320-225_sft 1e+09 1809.03 1776.18 0 -1 3386 3347 2635
./instancias/experimentos/i320-225_sft 1e+09 1806.93 1785.64 0 -1 3393.53 3393.53 2788
./instancias/experimentos/i320-225_sft 1e+09 1806.59 1744.42 0 -1 3402 3401 3026
./instancias/experimentos/i320-225_sft 1e+09 1808.89 1797.58 0 -1 3393 3393 2771
./instancias/experimentos/i320-231_sft 1e+09 1801 1792.56 0 -1 9527.72 9527.72 71341
./instancias/experimentos/i320-231_sft 1e+09 1801.64 1796.35 0 -1 9532.6 9532.6 72701
./instancias/experimentos/i320-231_sft 1e+09 1802.09 1794.97 0 -1 9530.87 9530.87 72235
./instancias/experimentos/i320-231_sft 1e+09 1800.89 1794.96 0 -1 9542.54 9542.54 77108
./instancias/experimentos/i320-231_sft 1e+09 1800.88 1794.61 0 -1 9541.29 9541.29 76454
./instancias/experimentos/i320-231_sft 1e+09 1801.4 1795.58 0 -1 9534.57 9534.57 73594
./instancias/experimentos/i320-231_sft 1e+09 1800.79 1794.95 0 -1 9545.53 9545.53 78860
./instancias/experimentos/i320-231_sft 1e+09 1800.94 1795.19 0 -1 9545.88 9545.88 79081
./instancias/experimentos/i320-231_sft 1e+09 1800.43 1793.6 0 -1 9543 9543 77387
./instancias/experimentos/i320-231_sft 1e+09 1800.72 1791.97 1 -1 9546.17 9546.28 79549
./instancias/experimentos/i320-232_sft 1e+09 1802.81 1799.23 7 -1 9217.98 9251.8 60718
./instancias/experimentos/i320-232_sft 1e+09 1802.64 1796.51 7 -1 9217.98 9251.8 59863
./instancias/experimentos/i320-232_sft 1e+09 1803.34 1794.15 3 -1 9217.98 9251.8 58034
./instancias/experimentos/i320-232_sft 1e+09 1804.09 1794.05 5 -1 9217.98 9251.8 58857
./instancias/experimentos/i320-232_sft 1e+09 1802.19 1799.01 4 -1 9217.98 9251.8 58794
./instancias/experimentos/i320-232_sft 1e+09 1802.77 1798.76 2 -1 9217.98 9217.99 57697
./instancias/experimentos/i320-232_sft 1e+09 1802.25 1796.66 7 -1 9217.98 9251.8 60441
./instancias/experimentos/i320-232_sft 1e+09 1802.46 1797.98 7 -1 9217.98 9251.8 60351
./instancias/experimentos/i320-232_sft 1e+09 1802.37 1792.3 7 -1 9217.98 9251.8 60022
./instancias/experimentos/i320-232_sft 1e+09 1802.25 1787.35 7 -1 9217.98 9251.8 59965
./instancias/experimentos/i320-241_sft 1e+09 1812.68 1802.23 0 -1 5351.47 5351.47 12743
./instancias/experimentos/i320-241_sft 1e+09 1812.58 1800.78 0 -1 5359.25 5359.25 12815
./instancias/experimentos/i320-241_sft 1e+09 1812.25 1801.26 0 -1 5360.5 5360.5 12827
./instancias/experimentos/i320-241_sft 1e+09 1812.52 1799.02 0 -1 5357.98 5357.98 12803
./instancias/experimentos/i320-241_sft 1e+09 1812.42 1804.23 0 -1 5357.98 5357.98 12803
./instancias/experimentos/i320-241_sft 1e+09 1813.14 1802.93 0 -1 5354.21 5354.21 12767
./instancias/experimentos/i320-241_sft 1e+09 1814.66 1800.17 0 -1 5343.7 5343.7 12659
./instancias/experimentos/i320-241_sft 1e+09 1812.59 1802.81 0 -1 5349.2 5349.2 12719
./instancias/experimentos/i320-241_sft 1e+09 1813.98 1803.45 0 -1 5332.19 5332.19 12539
./instancias/experimentos/i320-241_sft 1e+09 1813.66 1807.98 0 -1 5328.49 5328.49 12503
./instancias/experimentos/i320-242_sft 1e+09 1809.9 1792.3 0 -1 5322.88 5322.88 12333
./instancias/experimentos/i320-242_sft 1e+09 1809.44 1785.56 0 -1 5324.37 5324.37 12347
./instancias/experimentos/i320-242_sft 1e+09 1810.1 1799.23 0 -1 5318.51 5318.51 12291
./instancias/experimentos/i320-242_sft 1e+09 1809.9 1794.17 0 -1 5297.24 5297.24 12081
./instancias/experimentos/i320-242_sft 1e+09 1810.13 1803.63 0 -1 5291.37 5291.37 12025
./instancias/experimentos/i320-242_sft 1e+09 1810.41 1792.38 0 -1 5289.79 5289.79 12011
./instancias/experimentos/i320-242_sft 1e+09 1809.67 1797.6 0 -1 5335.94 5335.94 12459
./instancias/experimentos/i320-242_sft 1e+09 1810 1794.07 0 -1 5317.06 5317.06 12277
./instancias/experimentos/i320-242_sft 1e+09 1809.53 1790.16 0 -1 5332.85 5332.85 12431
./instancias/experimentos/i320-242_sft 1e+09 1810.93 1804.87 0 -1 5334.45 5334.45 12445
./instancias/experimentos/i320-243_sft 1e+09 1809.74 1795.35 0 -1 5350.88 5350.88 12202
./instancias/experimentos/i320-243_sft 1e+09 1809.29 1794.02 0 -1 5348.33 5348.33 12176
./instancias/experimentos/i320-243_sft 1e+09 1809.57 1790.49 0 -1 5349.62 5349.62 12189
./instancias/experimentos/i320-243_sft 1e+09 1809.17 1799.62 0 -1 5352.01 5352.01 12215
./instancias/experimentos/i320-243_sft 1e+09 1809.03 1803.63 0 -1 5352.01 5352.01 12215
./instancias/experimentos/i320-243_sft 1e+09 1809.36 1801.1 0 -1 5352.01 5352.01 12215
./instancias/experimentos/i320-243_sft 1e+09 1809.4 1796.36 0 -1 5349.62 5349.62 12189
./instancias/experimentos/i320-243_sft 1e+09 1809.24 1798.18 0 -1 5349.62 5349.62 12189
./instancias/experimentos/i320-243_sft 1e+09 1809.73 1800.37 0 -1 5344.56 5344.56 12137
./instancias/experimentos/i320-243_sft 1e+09 1809.93 1799.64 0 -1 5321.66 5321.66 11916
./instancias/experimentos/i320-244_sft 1e+09 1812.23 1794.79 0 -1 5293.97 5293.97 11862
./instancias/experimentos/i320-244_sft 1e+09 1810.66 1801.06 0 -1 5304.58 5304.58 11979
./instancias/experimentos/i320-244_sft 1e+09 1810.69 1797.12 0 -1 5334.33 5334.33 12291
./instancias/experimentos/i320-244_sft 1e+09 1810.26 1802.14 0 -1 5336.97 5336.97 12317
./instancias/experimentos/i320-244_sft 1e+09 1810.57 1790.98 0 -1 5335.68 5335.68 12304
./instancias/experimentos/i320-244_sft 1e+09 1810.6 1804.26 0 -1 5338.31 5338.31 12330
./instancias/experimentos/i320-244_sft 1e+09 1810.2 1793.03 0 -1 5336.97 5336.97 12317
./instancias/experimentos/i320-244_sft 1e+09 1810.58 1805.35 0 -1 5338.31 5338.31 12330
./instancias/experimentos/i320-244_sft 1e+09 1810.98 1787.91 0 -1 5338.31 5338.31 12330
./instancias/experimentos/i320-244_sft 1e+09 1810.65 1802.4 0 -1 5343.87 5343.87 12382
./instancias/experimentos/i320-245_sft 1e+09 1814.41 1797.3 0 -1 5355.4 5355.4 12409
./instancias/experimentos/i320-245_sft 1e+09 1814.56 1803.89 0 -1 5355.4 5355.4 12409
./instancias/experimentos/i320-245_sft 1e+09 1814.51 1808.13 0 -1 5357.14 5357.14 12427
./instancias/experimentos/i320-245_sft 1e+09 1813.95 1797.87 0 -1 5352.63 5352.63 12382
./instancias/experimentos/i320-245_sft 1e+09 1814.5 1799.95 0 -1 5354.5 5354.5 12400
./instancias/experimentos/i320-245_sft 1e+09 1813.98 1803.78 0 -1 5340.01 5340.01 12256
./instancias/experimentos/i320-245_sft 1e+09 1814.32 1799.48 0 -1 5328.21 5328.21 12148
./instancias/experimentos/i320-245_sft 1e+09 1813.86 1805.54 0 -1 5341.08 5341.08 12265
./instancias/experimentos/i320-245_sft 1e+09 1813.95 1806.72 0 -1 5343.13 5343.13 12283
./instancias/experimentos/i320-245_sft 1e+09 1814.32 1804.72 0 -1 5342.1 5342.1 12274
./instancias/experimentos/i320-305_sft 1e+09 1800.08 1779.49 67 -1 22170.2 22170.3 82019
./instancias/experimentos/i320-305_sft 1e+09 1800.14 1789.93 67 -1 22170.2 22170.3 82123
./instancias/experimentos/i320-305_sft 1e+09 1799.68 1780.56 70 -1 22170.2 22170.3 82207
./instancias/experimentos/i320-305_sft 1e+09 1799.46 1792.77 67 -1 22170.2 22170.3 82148
./instancias/experimentos/i320-305_sft 1e+09 1799.82 1778.92 69 -1 22170.2 22170.3 82165
./instancias/experimentos/i320-305_sft 1e+09 1799.8 1788.98 70 -1 22170.2 22170.3 82207
./instancias/experimentos/i320-305_sft 1e+09 1799.81 1786.18 69 -1 22170.2 22170.3 82165
./instancias/experimentos/i320-305_sft 1e+09 1799.96 1784.73 70 -1 22170.2 22170.3 82422
./instancias/experimentos/i320-305_sft 1e+09 1799.91 1773.93 70 -1 22170.2 22170.3 82165
./instancias/experimentos/i320-305_sft 1e+09 1800.26 1793.19 70 -1 22170.2 22170.3 82650
