./instancias/experimentos_full/i080-044_sft 1194 0.04468 0.025834 25 19 1075.5 1194 103
./instancias/experimentos_full/i080-044_sft 1194 0.04426 0.025528 25 19 1075.5 1194 103
./instancias/experimentos_full/i080-044_sft 1194 0.047931 0.027668 25 19 1075.5 1194 103
./instancias/experimentos_full/i080-044_sft 1194 0.046569 0.027098 25 19 1075.5 1194 103
./instancias/experimentos_full/i080-044_sft 1194 0.047115 0.027075 25 19 1075.5 1194 103
./instancias/experimentos_full/i080-044_sft 1194 0.045575 0.02678 25 19 1075.5 1194 103
./instancias/experimentos_full/i080-044_sft 1194 0.045875 0.026586 25 19 1075.5 1194 103
./instancias/experimentos_full/i080-044_sft 1194 0.044497 0.025564 25 19 1075.5 1194 103
./instancias/experimentos_full/i080-044_sft 1194 0.04804 0.028346 25 19 1075.5 1194 103
./instancias/experimentos_full/i080-044_sft 1194 0.045461 0.026944 25 19 1075.5 1194 103
./instancias/experimentos_full/i080-111_sft 1777 0.20732 0.149458 46 41 1588.29 1776.08 273
./instancias/experimentos_full/i080-111_sft 1777 0.248094 0.180183 64 56 1588.29 1776.08 288
./instancias/experimentos_full/i080-111_sft 1777 0.212126 0.153371 46 41 1588.29 1776.08 273
./instancias/experimentos_full/i080-111_sft 1777 0.212949 0.154284 48 42 1588.29 1776.08 273
./instancias/experimentos_full/i080-111_sft 1777 0.197723 0.143537 48 42 1588.29 1776.08 273
./instancias/experimentos_full/i080-111_sft 1777 0.203972 0.147423 48 42 1588.29 1776.08 273
./instancias/experimentos_full/i080-111_sft 1777 0.19828 0.143581 46 41 1588.29 1776.08 273
./instancias/experimentos_full/i080-111_sft 1777 0.24588 0.179464 64 56 1588.29 1776.08 288
./instancias/experimentos_full/i080-111_sft 1777 0.194137 0.138792 46 41 1588.29 1776.08 273
./instancias/experimentos_full/i080-111_sft 1777 0.205004 0.148642 48 42 1588.29 1776.08 273
./instancias/experimentos_full/i080-143_sft 1479 1.13102 1.00689 52 47 1372.5 1479 370
./instancias/experimentos_full/i080-143_sft 1479 1.05985 0.942659 52 47 1372.5 1479 370
./instancias/experimentos_full/i080-143_sft 1479 1.07377 0.952762 52 47 1372.5 1479 370
./instancias/experimentos_full/i080-143_sft 1479 1.13974 1.01631 52 47 1372.5 1479 370
./instancias/experimentos_full/i080-143_sft 1479 1.12133 0.999031 52 47 1372.5 1479 370
./instancias/experimentos_full/i080-143_sft 1479 1.11341 0.992971 52 47 1372.5 1479 370
./instancias/experimentos_full/i080-143_sft 1479 1.13262 1.01016 52 47 1372.5 1479 370
./instancias/experimentos_full/i080-143_sft 1479 1.04644 0.931201 52 47 1372.5 1479 370
./instancias/experimentos_full/i080-143_sft 1479 1.06198 0.944458 52 47 1372.5 1479 370
./instancias/experimentos_full/i080-143_sft 1479 1.10023 0.980786 52 47 1372.5 1479 370
./instancias/experimentos_full/i080-212_sft 3353 765.571 749.306 31706 7181 2565 3352.01 16087
./instancias/experimentos_full/i080-212_sft 3353 765.515 749.069 31706 7181 2565 3352.01 16087
./instancias/experimentos_full/i080-212_sft 3353 757.452 741.203 31706 7181 2565 3352.01 16087
./instancias/experimentos_full/i080-212_sft 3353 766.209 750.105 31706 7181 2565 3352.01 16087
./instancias/experimentos_full/i080-212_sft 3353 763.713 747.671 31706 7181 2565 3352.01 16087
./instancias/experimentos_full/i080-212_sft 3353 761.11 745.004 31706 7181 2565 3352.01 16087
./instancias/experimentos_full/i080-212_sft 3353 767.857 751.621 31706 7181 2565 3352.01 16087
./instancias/experimentos_full/i080-212_sft 3353 767.061 750.748 31706 7181 2565 3352.01 16087
./instancias/experimentos_full/i080-212_sft 3353 762.298 746.06 31706 7181 2565 3352.01 16087
./instancias/experimentos_full/i080-212_sft 3353 758.584 742.245 31706 7181 2565 3352.01 16087
./instancias/experimentos_full/i080-213_sft 3076 1.70214 1.18404 634 35 2679.67 3075.21 1241
./instancias/experimentos_full/i080-213_sft 3076 1.65834 1.1485 634 35 2679.67 3075.21 1241
./instancias/experimentos_full/i080-213_sft 3076 1.67737 1.16532 634 35 2679.67 3075.21 1241
./instancias/experimentos_full/i080-213_sft 3076 1.64393 1.13809 634 35 2679.67 3075.21 1241
./instancias/experimentos_full/i080-213_sft 3076 1.66838 1.15823 634 35 2679.67 3075.21 1241
./instancias/experimentos_full/i080-213_sft 3076 1.68807 1.17104 634 35 2679.67 3075.21 1241
./instancias/experimentos_full/i080-213_sft 3076 1.68146 1.16578 634 35 2679.67 3075.21 1241
./instancias/experimentos_full/i080-213_sft 3076 1.69644 1.18202 634 35 2679.67 3075.21 1241
./instancias/experimentos_full/i080-213_sft 3076 1.68446 1.16378 634 35 2679.67 3075.21 1241
./instancias/experimentos_full/i080-213_sft 3076 1.69082 1.17596 634 35 2679.67 3075.21 1241
./instancias/experimentos_full/i080-214_sft 3258 250.949 243.599 13452 444 2597 3257.25 9594
./instancias/experimentos_full/i080-214_sft 3258 251.065 243.758 13452 444 2597 3257.25 9594
./instancias/experimentos_full/i080-214_sft 3258 245.724 238.551 13452 444 2597 3257.25 9594
./instancias/experimentos_full/i080-214_sft 3258 251.215 243.99 13452 444 2597 3257.25 9594
./instancias/experimentos_full/i080-214_sft 3258 252.778 245.46 13452 444 2597 3257.25 9594
./instancias/experimentos_full/i080-214_sft 3258 247.086 239.932 13452 444 2597 3257.25 9594
./instancias/experimentos_full/i080-214_sft 3258 249.562 242.395 13452 444 2597 3257.25 9594
./instancias/experimentos_full/i080-214_sft 3258 248.495 241.346 13452 444 2597 3257.25 9594
./instancias/experimentos_full/i080-214_sft 3258 246.468 239.344 13452 444 2597 3257.25 9594
./instancias/experimentos_full/i080-214_sft 3258 246.64 239.502 13452 444 2597 3257.25 9594
./instancias/experimentos_full/i080-215_sft 3487 1855.84 1817.2 47431 29353 2619 3288 42703
./instancias/experimentos_full/i080-215_sft 3487 1856.37 1817.28 47589 29353 2619 3288 42805
./instancias/experimentos_full/i080-215_sft 3487 1856.71 1817.8 47553 29353 2619 3288 42760
./instancias/experimentos_full/i080-215_sft 3487 1857 1818.08 47454 29353 2619 3288 42716
./instancias/experimentos_full/i080-215_sft 3487 1856.63 1817.69 47515 29353 2619 3288 42749
./instancias/experimentos_full/i080-215_sft 3487 1856.29 1817.08 47566 29353 2619 3288 42764
./instancias/experimentos_full/i080-215_sft 3487 1856.17 1817.66 47411 29353 2619 3288 42701
./instancias/experimentos_full/i080-215_sft 3487 1855.96 1816.97 47439 29353 2619 3288 42709
./instancias/experimentos_full/i080-215_sft 3487 1855.99 1817.03 47514 29353 2619 3288 42746
./instancias/experimentos_full/i080-215_sft 3487 1856.81 1818.03 47638 29353 2619 3288 42832
./instancias/experimentos_full/i080-235_sft 4339 392.923 380.098 29050 2984 3333.25 4338.08 7093
./instancias/experimentos_full/i080-235_sft 4339 403.562 390.397 29050 2984 3333.25 4338.08 7093
./instancias/experimentos_full/i080-235_sft 4339 398.521 385.681 29050 2984 3333.25 4338.08 7093
./instancias/experimentos_full/i080-235_sft 4339 386.9 374.294 29050 2984 3333.25 4338.08 7093
./instancias/experimentos_full/i080-235_sft 4339 401.872 388.871 29050 2984 3333.25 4338.08 7093
./instancias/experimentos_full/i080-235_sft 4339 394.446 381.679 29050 2984 3333.25 4338.08 7093
./instancias/experimentos_full/i080-235_sft 4339 385.846 373.222 29050 2984 3333.25 4338.08 7093
./instancias/experimentos_full/i080-235_sft 4339 389.318 376.615 29050 2984 3333.25 4338.08 7093
./instancias/experimentos_full/i080-235_sft 4339 390.698 378.041 29050 2984 3333.25 4338.08 7093
./instancias/experimentos_full/i080-235_sft 4339 391.112 378.445 29050 2984 3333.25 4338.08 7093
./instancias/experimentos_full/i080-241_sft 2971 8.34006 5.61265 3515 47 2441 2970.5 3094
./instancias/experimentos_full/i080-241_sft 2971 6.96524 4.3732 3259 50 2441 2970.5 2742
./instancias/experimentos_full/i080-241_sft 2971 8.40516 5.66279 3515 47 2441 2970.5 3094
./instancias/experimentos_full/i080-241_sft 2971 8.51869 5.71896 3515 47 2441 2970.5 3094
./instancias/experimentos_full/i080-241_sft 2971 6.72238 4.16287 3206 50 2441 2970.5 2668
./instancias/experimentos_full/i080-241_sft 2971 6.98202 4.40737 3259 50 2441 2970.5 2742
./instancias/experimentos_full/i080-241_sft 2971 6.72894 4.16016 3206 50 2441 2970.5 2668
./instancias/experimentos_full/i080-241_sft 2971 6.69784 4.16355 3206 50 2441 2970.5 2668
./instancias/experimentos_full/i080-241_sft 2971 6.76391 4.20996 3206 50 2441 2970.5 2668
./instancias/experimentos_full/i080-241_sft 2971 8.35387 5.62216 3515 47 2441 2970.5 3094
./instancias/experimentos_full/i080-243_sft 2883 0.855756 0.482115 232 38 2567.25 2883 761
./instancias/experimentos_full/i080-243_sft 2883 0.867877 0.490295 232 38 2567.25 2883 761
./instancias/experimentos_full/i080-243_sft 2883 0.845953 0.473562 232 38 2567.25 2883 761
./instancias/experimentos_full/i080-243_sft 2883 0.851565 0.47721 232 38 2567.25 2883 761
./instancias/experimentos_full/i080-243_sft 2883 0.850044 0.478682 232 38 2567.25 2883 761
./instancias/experimentos_full/i080-243_sft 2883 0.857147 0.482045 232 38 2567.25 2883 761
./instancias/experimentos_full/i080-243_sft 2883 0.85914 0.484891 232 38 2567.25 2883 761
./instancias/experimentos_full/i080-243_sft 2883 0.861291 0.483171 232 38 2567.25 2883 761
./instancias/experimentos_full/i080-243_sft 2883 0.856574 0.482785 232 38 2567.25 2883 761
./instancias/experimentos_full/i080-243_sft 2883 0.85813 0.480791 232 38 2567.25 2883 761
./instancias/experimentos_full/i080-244_sft 3062 56.3597 51.2709 5725 3075 2605 3061.25 5349
./instancias/experimentos_full/i080-244_sft 3062 55.953 50.898 5725 3075 2605 3061.25 5349
./instancias/experimentos_full/i080-244_sft 3062 55.3142 50.3801 5725 3075 2605 3061.25 5349
./instancias/experimentos_full/i080-244_sft 3062 55.2735 50.3478 5725 3075 2605 3061.25 5349
./instancias/experimentos_full/i080-244_sft 3062 55.7038 50.7237 5725 3075 2605 3061.25 5349
./instancias/experimentos_full/i080-244_sft 3062 54.5284 49.5927 5725 3075 2605 3061.25 5349
./instancias/experimentos_full/i080-244_sft 3062 54.3928 49.4661 5725 3075 2605 3061.25 5349
./instancias/experimentos_full/i080-244_sft 3062 56.179 51.125 5725 3075 2605 3061.25 5349
./instancias/experimentos_full/i080-244_sft 3062 54.7442 49.8086 5725 3075 2605 3061.25 5349
./instancias/experimentos_full/i080-244_sft 3062 54.8319 49.9121 5725 3075 2605 3061.25 5349
./instancias/experimentos_full/i080-245_sft 2959 42.0463 37.0105 3891 3469 2470 2958.5 4922
./instancias/experimentos_full/i080-245_sft 2959 42.0892 37.0638 3891 3469 2470 2958.5 4922
./instancias/experimentos_full/i080-245_sft 2959 42.3346 37.2368 3891 3469 2470 2958.5 4922
./instancias/experimentos_full/i080-245_sft 2959 42.2386 37.1355 3891 3469 2470 2958.5 4922
./instancias/experimentos_full/i080-245_sft 2959 42.0058 36.9873 3891 3469 2470 2958.5 4922
./instancias/experimentos_full/i080-245_sft 2959 42.0663 37.0437 3891 3469 2470 2958.5 4922
./instancias/experimentos_full/i080-245_sft 2959 41.9566 36.9338 3891 3469 2470 2958.5 4922
./instancias/experimentos_full/i080-245_sft 2959 42.413 37.2895 3891 3469 2470 2958.5 4922
./instancias/experimentos_full/i080-245_sft 2959 42.1754 37.0686 3891 3469 2470 2958.5 4922
./instancias/experimentos_full/i080-245_sft 2959 42.1833 37.1068 3891 3469 2470 2958.5 4922
./instancias/experimentos_full/i080-305_sft 5718 3.02329 2.36662 1603 666 4529 5718 1298
./instancias/experimentos_full/i080-305_sft 5643 0.293723 0.181623 205 82 4529 5643 453
./instancias/experimentos_full/i080-305_sft 5718 2.8911 2.26234 1603 666 4529 5718 1298
./instancias/experimentos_full/i080-305_sft 5643 0.290523 0.179733 205 82 4529 5643 453
./instancias/experimentos_full/i080-305_sft 5643 0.288632 0.178243 205 82 4529 5643 453
./instancias/experimentos_full/i080-305_sft 5643 0.294185 0.181977 205 82 4529 5643 453
./instancias/experimentos_full/i080-305_sft 5718 2.80347 2.18834 1603 666 4529 5718 1298
./instancias/experimentos_full/i080-305_sft 5643 0.288403 0.17804 205 82 4529 5643 453
./instancias/experimentos_full/i080-305_sft 5643 0.292311 0.180342 205 82 4529 5643 453
./instancias/experimentos_full/i080-305_sft 5718 2.81886 2.20506 1603 666 4529 5718 1298
./instancias/experimentos_full/i080-312_sft 4316 1903.07 1865.31 26133 1511 3345.33 3757 36663
./instancias/experimentos_full/i080-312_sft 4316 1901.41 1863.89 26042 1511 3345.33 3757 36533
./instancias/experimentos_full/i080-312_sft 4316 1902.47 1864.96 26076 1511 3345.33 3757 36599
./instancias/experimentos_full/i080-312_sft 4316 1902.9 1865.54 26104 1511 3345.33 3757 36654
./instancias/experimentos_full/i080-312_sft 4316 1902.57 1865.1 26165 1511 3345.33 3757 36714
./instancias/experimentos_full/i080-312_sft 4316 1902.73 1865.41 26047 1511 3345.33 3757 36544
./instancias/experimentos_full/i080-312_sft 4316 1901.99 1864.67 26034 1511 3345.33 3757 36504
./instancias/experimentos_full/i080-312_sft 4316 1902.88 1865.37 26227 1511 3345.33 3757 36786
./instancias/experimentos_full/i080-312_sft 4316 1904.09 1866.65 26179 1511 3345.33 3757 36746
./instancias/experimentos_full/i080-312_sft 4316 1904.21 1866.71 26226 1511 3345.33 3757 36786
./instancias/experimentos_full/i080-314_sft 4438 1885.86 1847.43 28996 13124 3399.5 3887.5 46012
./instancias/experimentos_full/i080-314_sft 4438 1885.74 1847.28 28971 13124 3399.5 3887.25 45999
./instancias/experimentos_full/i080-314_sft 4438 1883.78 1845.63 28802 13124 3399.5 3887.17 45883
./instancias/experimentos_full/i080-314_sft 4438 1884.34 1845.88 28627 13124 3399.5 3887 45745
./instancias/experimentos_full/i080-314_sft 4438 1885.93 1847.33 28993 13124 3399.5 3887.25 46004
./instancias/experimentos_full/i080-314_sft 4438 1885.53 1847.18 28976 13124 3399.5 3887.25 46003
./instancias/experimentos_full/i080-314_sft 4438 1885.67 1846.82 28994 13124 3399.5 3887.25 46004
./instancias/experimentos_full/i080-314_sft 4438 1885.18 1846.88 28789 13124 3399.5 3887.17 45873
./instancias/experimentos_full/i080-314_sft 4438 1885.42 1846.81 28769 13124 3399.5 3887.17 45866
./instancias/experimentos_full/i080-314_sft 4438 1884.02 1845.82 28565 13124 3399.5 3886.85 45695
./instancias/experimentos_full/i080-315_sft 4118 1857.06 1811.87 42695 22103 3284 3850.5 33077
./instancias/experimentos_full/i080-315_sft 4118 1857.39 1813.24 42938 22103 3284 3850.5 33198
./instancias/experimentos_full/i080-315_sft 4118 1856.76 1811.59 42641 22103 3284 3850.5 33000
./instancias/experimentos_full/i080-315_sft 4118 1857.05 1812.24 42532 22103 3284 3850.25 32963
./instancias/experimentos_full/i080-315_sft 4118 1856.56 1811.65 42753 22103 3284 3850.5 33120
./instancias/experimentos_full/i080-315_sft 4118 1857.13 1812.24 42767 22103 3284 3850.5 33149
./instancias/experimentos_full/i080-315_sft 4118 1856.83 1812.37 42638 22103 3284 3850.5 32988
./instancias/experimentos_full/i080-315_sft 4118 1856.4 1811.73 42647 22103 3284 3850.5 33017
./instancias/experimentos_full/i080-315_sft 4118 1856.36 1812.78 42850 22103 3284 3850.5 33165
./instancias/experimentos_full/i080-315_sft 4118 1856.22 1812.59 42821 22103 3284 3850.5 33165
./instancias/experimentos_full/i080-331_sft 4983 1836.13 1805.85 50494 54 3780.75 4494.74 30419
./instancias/experimentos_full/i080-331_sft 4983 1837.08 1807.83 51175 54 3780.75 4495.61 30900
./instancias/experimentos_full/i080-331_sft 4983 1837.29 1808.05 51321 54 3780.75 4495.75 30947
./instancias/experimentos_full/i080-331_sft 4983 1836.71 1807.2 50792 54 3780.75 4495.05 30617
./instancias/experimentos_full/i080-331_sft 4983 1836.95 1807.74 51484 54 3780.75 4496 31052
./instancias/experimentos_full/i080-331_sft 4983 1836.29 1806.25 49954 54 3780.75 4494.21 30213
./instancias/experimentos_full/i080-331_sft 4983 1837.34 1808.23 51214 54 3780.75 4495.67 30909
./instancias/experimentos_full/i080-331_sft 4983 1836.12 1806.97 50713 54 3780.75 4494.98 30551
./instancias/experimentos_full/i080-331_sft 4983 1837.52 1807.94 51245 54 3780.75 4495.71 30921
./instancias/experimentos_full/i080-331_sft 4983 1837.55 1808.17 51767 54 3780.75 4496.29 31165
./instancias/experimentos_full/i080-332_sft 5016 527.818 516.42 25370 5241 3794.5 5015.04 10180
./instancias/experimentos_full/i080-332_sft 5070 1838.47 1818.16 41664 32052 3794.5 5023.05 20546
./instancias/experimentos_full/i080-332_sft 5052 1843.22 1818.25 49212 36423 3794.5 4932.5 23238
./instancias/experimentos_full/i080-332_sft 5016 531.079 519.617 25370 5241 3794.5 5015.04 10180
./instancias/experimentos_full/i080-332_sft 5052 1843.47 1818.38 49129 36423 3794.5 4932.3 23219
./instancias/experimentos_full/i080-332_sft 5016 517.535 506.422 25370 5241 3794.5 5015.04 10180
./instancias/experimentos_full/i080-332_sft 5070 1838.92 1818.26 41255 32052 3794.5 5021.27 20482
./instancias/experimentos_full/i080-332_sft 5016 518.46 507.326 25370 5241 3794.5 5015.04 10180
./instancias/experimentos_full/i080-332_sft 5016 521.556 510.396 25370 5241 3794.5 5015.04 10180
./instancias/experimentos_full/i080-332_sft 5016 530.113 518.754 25370 5241 3794.5 5015.04 10180
./instancias/experimentos_full/i080-342_sft 3667 1850.63 1781.63 50600 791 2987.25 3613.67 32014
./instancias/experimentos_full/i080-342_sft 3667 1852.35 1782.61 51015 791 2987.25 3614.3 32213
./instancias/experimentos_full/i080-342_sft 3667 1851.43 1782.21 50763 791 2987.25 3614 32031
./instancias/experimentos_full/i080-342_sft 3667 1851.52 1782.66 50603 791 2987.25 3613.75 32014
./instancias/experimentos_full/i080-342_sft 3667 1852.55 1783.93 51134 791 2987.25 3614.5 32266
./instancias/experimentos_full/i080-342_sft 3667 1850.92 1782.51 50778 791 2987.25 3614 32031
./instancias/experimentos_full/i080-342_sft 3667 1851.5 1782.48 50732 791 2987.25 3614 32029
./instancias/experimentos_full/i080-342_sft 3667 1852.44 1782.22 51256 791 2987.25 3614.5 32295
./instancias/experimentos_full/i080-342_sft 3667 1852.57 1783.71 51040 791 2987.25 3614.5 32251
./instancias/experimentos_full/i080-342_sft 3667 1851.37 1783.04 50644 791 2987.25 3613.88 32024
./instancias/experimentos_full/i080-343_sft 4005 1893.89 1801.11 55200 87 3038 3683.5 53077
./instancias/experimentos_full/i080-343_sft 4005 1894.69 1793.49 60314 104 3038 3644.5 57792
./instancias/experimentos_full/i080-343_sft 4005 1898.4 1798.55 60400 104 3038 3644.5 60743
./instancias/experimentos_full/i080-343_sft 4005 1896.09 1803.75 55504 87 3038 3684.5 53318
./instancias/experimentos_full/i080-343_sft 4005 1895.24 1792.77 60609 104 3038 3645 57914
./instancias/experimentos_full/i080-343_sft 4005 1893.38 1793.19 60467 104 3038 3645 57841
./instancias/experimentos_full/i080-343_sft 4005 1893.22 1792.08 60182 104 3038 3644 60404
./instancias/experimentos_full/i080-343_sft 4005 1894.52 1802.25 55226 87 3038 3683.75 53125
./instancias/experimentos_full/i080-343_sft 4005 1894.55 1793.65 61164 104 3038 3646 58265
./instancias/experimentos_full/i080-343_sft 4005 1894.68 1793.9 60898 104 3038 3645.5 58055
./instancias/experimentos_full/i080-344_sft 4128 1941.77 1856.98 41666 6857 3096 3694 48841
./instancias/experimentos_full/i080-344_sft 4128 1941.95 1855.91 41549 6857 3096 3693.75 48789
./instancias/experimentos_full/i080-344_sft 4128 1941.66 1856.29 41314 6857 3096 3693.5 48549
./instancias/experimentos_full/i080-344_sft 4128 1942.63 1856.4 41639 6857 3096 3694 48826
./instancias/experimentos_full/i080-344_sft 4128 1942.64 1856.78 41513 6857 3096 3693.67 48725
./instancias/experimentos_full/i080-344_sft 4128 1943.85 1857.43 41686 6857 3096 3694.12 48847
./instancias/experimentos_full/i080-344_sft 4128 1942.87 1857.25 41732 6857 3096 3694.5 48909
./instancias/experimentos_full/i080-344_sft 4128 1941.8 1856.71 41377 6857 3096 3693.5 48655
./instancias/experimentos_full/i080-344_sft 4128 1942.4 1857.79 41851 6857 3096 3695.25 48968
./instancias/experimentos_full/i080-344_sft 4128 1941.01 1856.74 41352 6857 3096 3693.5 48573
./instancias/experimentos_full/i080-345_sft 3865 1936.94 1866.65 37445 27202 3063.75 3562 38091
./instancias/experimentos_full/i080-345_sft 3865 1937.35 1867.44 38085 27202 3063.75 3566 38504
./instancias/experimentos_full/i080-345_sft 3865 1937.9 1867.59 37638 27202 3063.75 3562.5 38218
./instancias/experimentos_full/i080-345_sft 3865 1935.77 1866.02 38099 27202 3063.75 3566 38513
./instancias/experimentos_full/i080-345_sft 3865 1936.95 1867.28 37819 27202 3063.75 3563.5 38328
./instancias/experimentos_full/i080-345_sft 3865 1936.26 1865.67 37638 27202 3063.75 3562.5 38218
./instancias/experimentos_full/i080-345_sft 3865 1938.85 1867.76 37892 27202 3063.75 3564 38391
./instancias/experimentos_full/i080-345_sft 3865 1935.17 1865.39 38188 27202 3063.75 3566.75 38548
./instancias/experimentos_full/i080-345_sft 3865 1937.4 1867.35 38115 27202 3063.75 3566 38521
./instancias/experimentos_full/i080-345_sft 3865 1937.86 1867.92 38336 27202 3063.75 3567.5 38601
./instancias/experimentos_full/i160-033_sft 1864 0.066063 0.041493 14 11 1790.97 1864 74
./instancias/experimentos_full/i160-033_sft 1864 0.064016 0.041092 14 11 1790.97 1864 74
./instancias/experimentos_full/i160-033_sft 1864 0.062447 0.040085 14 11 1790.97 1864 74
./instancias/experimentos_full/i160-033_sft 1864 0.067616 0.042922 14 11 1790.97 1864 74
./instancias/experimentos_full/i160-033_sft 1864 0.063131 0.040752 14 11 1790.97 1864 74
./instancias/experimentos_full/i160-033_sft 1864 0.063188 0.039811 14 11 1790.97 1864 74
./instancias/experimentos_full/i160-033_sft 1864 0.063204 0.039805 14 11 1790.97 1864 74
./instancias/experimentos_full/i160-033_sft 1864 0.062161 0.039746 14 11 1790.97 1864 74
./instancias/experimentos_full/i160-033_sft 1864 0.062868 0.040385 14 11 1790.97 1864 74
./instancias/experimentos_full/i160-033_sft 1864 0.061062 0.039435 14 11 1790.97 1864 74
./instancias/experimentos_full/i160-043_sft 1188 0.059074 0.02364 3 2 1178 1188 35
./instancias/experimentos_full/i160-043_sft 1188 0.059123 0.023402 3 2 1178 1188 35
./instancias/experimentos_full/i160-043_sft 1188 0.055937 0.022157 3 2 1178 1188 35
./instancias/experimentos_full/i160-043_sft 1188 0.055436 0.021171 3 2 1178 1188 35
./instancias/experimentos_full/i160-043_sft 1188 0.055667 0.021711 3 2 1178 1188 35
./instancias/experimentos_full/i160-043_sft 1188 0.066096 0.025397 3 2 1178 1188 35
./instancias/experimentos_full/i160-043_sft 1188 0.062206 0.024266 3 2 1178 1188 35
./instancias/experimentos_full/i160-043_sft 1188 0.056067 0.022077 3 2 1178 1188 35
./instancias/experimentos_full/i160-043_sft 1188 0.056063 0.021555 3 2 1178 1188 35
./instancias/experimentos_full/i160-043_sft 1188 0.057272 0.021853 3 2 1178 1188 35
./instancias/experimentos_full/i160-045_sft 1463 14.9103 12.8395 465 420 1307.5 1462.14 1534
./instancias/experimentos_full/i160-045_sft 1463 15.8414 13.4337 596 511 1307.5 1462.12 1732
./instancias/experimentos_full/i160-045_sft 1463 15.672 13.3069 596 511 1307.5 1462.12 1732
./instancias/experimentos_full/i160-045_sft 1463 15.2502 12.8403 496 437 1307.5 1462.03 1488
./instancias/experimentos_full/i160-045_sft 1463 15.6452 13.1801 496 437 1307.5 1462.03 1488
./instancias/experimentos_full/i160-045_sft 1463 15.1523 13.0442 465 420 1307.5 1462.14 1534
./instancias/experimentos_full/i160-045_sft 1463 15.045 12.6369 496 437 1307.5 1462.03 1488
./instancias/experimentos_full/i160-045_sft 1463 15.4311 13.0532 596 511 1307.5 1462.12 1732
./instancias/experimentos_full/i160-045_sft 1463 15.6571 13.5038 465 420 1307.5 1462.14 1534
./instancias/experimentos_full/i160-045_sft 1463 14.9165 12.8735 465 420 1307.5 1462.14 1534
./instancias/experimentos_full/i160-112_sft 2968 1886.83 1875.15 1992 1394 2276.17 2463.76 18046
./instancias/experimentos_full/i160-112_sft 2968 1888.71 1877.19 2043 1394 2276.17 2464.17 18154
./instancias/experimentos_full/i160-112_sft 2919 1890.13 1876.9 2695 631 2276.17 2483.5 17647
./instancias/experimentos_full/i160-112_sft 2968 1888.92 1877.36 2048 1394 2276.17 2464.17 18169
./instancias/experimentos_full/i160-112_sft 2959 1887.4 1875.25 2055 1363 2276.17 2466.83 18458
./instancias/experimentos_full/i160-112_sft 2919 1891.1 1878.57 2670 631 2276.17 2481.62 17501
./instancias/experimentos_full/i160-112_sft 2919 1888.13 1875.42 2380 631 2276.17 2477 16941
./instancias/experimentos_full/i160-112_sft 2959 1885.58 1873.1 1974 1363 2276.17 2465.5 17494
./instancias/experimentos_full/i160-112_sft 2959 1886.7 1874.31 1934 1363 2276.17 2464.17 17231
./instancias/experimentos_full/i160-112_sft 2959 1887.75 1875.25 1976 1363 2276.17 2465.5 17518
./instancias/experimentos_full/i160-115_sft 2482 1.37183 0.886115 281 28 2057.5 2482 911
./instancias/experimentos_full/i160-115_sft 2482 1.3575 0.87465 281 28 2057.5 2482 911
./instancias/experimentos_full/i160-115_sft 2482 1.42832 0.926214 281 28 2057.5 2482 911
./instancias/experimentos_full/i160-115_sft 2482 1.41864 0.918877 281 28 2057.5 2482 911
./instancias/experimentos_full/i160-115_sft 2482 1.357 0.875637 281 28 2057.5 2482 911
./instancias/experimentos_full/i160-115_sft 2482 1.46376 0.948942 281 28 2057.5 2482 911
./instancias/experimentos_full/i160-115_sft 2482 1.44919 0.929774 281 28 2057.5 2482 911
./instancias/experimentos_full/i160-115_sft 2482 1.46454 0.943456 281 28 2057.5 2482 911
./instancias/experimentos_full/i160-115_sft 2482 1.39949 0.900217 281 28 2057.5 2482 911
./instancias/experimentos_full/i160-115_sft 2482 1.41066 0.908814 281 28 2057.5 2482 911
./instancias/experimentos_full/i160-142_sft 2244 6.2594 3.61769 729 726 1851 2243.5 1281
./instancias/experimentos_full/i160-142_sft 2244 6.25416 3.60128 729 726 1851 2243.5 1281
./instancias/experimentos_full/i160-142_sft 2244 6.2705 3.61091 729 726 1851 2243.5 1281
./instancias/experimentos_full/i160-142_sft 2244 6.13844 3.53509 729 726 1851 2243.5 1281
./instancias/experimentos_full/i160-142_sft 2244 6.16691 3.53307 729 726 1851 2243.5 1281
./instancias/experimentos_full/i160-142_sft 2244 6.18632 3.54843 729 726 1851 2243.5 1281
./instancias/experimentos_full/i160-142_sft 2244 6.42221 3.72688 729 726 1851 2243.5 1281
./instancias/experimentos_full/i160-142_sft 2244 8.17926 4.83018 729 726 1851 2243.5 1281
./instancias/experimentos_full/i160-142_sft 2244 7.45113 4.4521 729 726 1851 2243.5 1281
./instancias/experimentos_full/i160-142_sft 2244 7.8757 4.62832 729 726 1851 2243.5 1281
./instancias/experimentos_full/i160-144_sft 2265 17.3387 13.5271 517 471 2009.5 2265 1904
./instancias/experimentos_full/i160-144_sft 2265 4.06983 2.44645 288 150 2009.5 2265 856
./instancias/experimentos_full/i160-144_sft 2265 14.2881 10.2414 665 539 2009.5 2264.12 1821
./instancias/experimentos_full/i160-144_sft 2265 4.26448 2.59457 240 143 2009.5 2265 787
./instancias/experimentos_full/i160-144_sft 2265 14.6561 11.2869 517 471 2009.5 2265 1904
./instancias/experimentos_full/i160-144_sft 2265 4.17596 2.51447 288 150 2009.5 2265 856
./instancias/experimentos_full/i160-144_sft 2265 4.68244 2.87094 240 143 2009.5 2265 787
./instancias/experimentos_full/i160-144_sft 2265 4.83751 2.9448 288 150 2009.5 2265 856
./instancias/experimentos_full/i160-144_sft 2265 4.49075 2.76676 240 143 2009.5 2265 787
./instancias/experimentos_full/i160-144_sft 2265 7.15253 4.81886 261 169 2009.5 2265 987
./instancias/experimentos_full/i160-201_sft 6923 1836.96 1794.08 32330 453 5264 6390.57 25417
./instancias/experimentos_full/i160-201_sft 6923 1835.56 1795.1 35758 453 5264 6398.1 26672
./instancias/experimentos_full/i160-201_sft 6923 1836.66 1796.14 35604 453 5264 6397.98 26649
./instancias/experimentos_full/i160-201_sft 6923 1836.13 1794.91 35286 453 5264 6397.56 26468
./instancias/experimentos_full/i160-201_sft 6923 1836.91 1795.83 35419 453 5264 6397.63 26493
./instancias/experimentos_full/i160-201_sft 6923 1836.09 1795.84 35278 453 5264 6397.54 26468
./instancias/experimentos_full/i160-201_sft 6923 1836.75 1795.39 32333 453 5264 6390.57 25451
./instancias/experimentos_full/i160-201_sft 6923 1836.47 1794.9 34259 453 5264 6396.04 26069
./instancias/experimentos_full/i160-201_sft 6923 1836.7 1796.3 33759 453 5264 6395.17 25827
./instancias/experimentos_full/i160-201_sft 6923 1837.62 1796.26 35925 453 5264 6398.46 26698
./instancias/experimentos_full/i160-211_sft 5706 1959.96 1906.54 9319 5633 4132.75 4563.5 38251
./instancias/experimentos_full/i160-211_sft 5706 1958.21 1904.73 9342 5633 4132.75 4563.5 38285
./instancias/experimentos_full/i160-211_sft 5706 1959.27 1906.02 9375 5633 4132.75 4563.5 38439
./instancias/experimentos_full/i160-211_sft 5706 1959.03 1905.22 9417 5633 4132.75 4563.75 38514
./instancias/experimentos_full/i160-211_sft 5706 1959.07 1905.99 9391 5633 4132.75 4563.75 38452
./instancias/experimentos_full/i160-211_sft 5706 1959.48 1906.34 9444 5633 4132.75 4563.75 38551
./instancias/experimentos_full/i160-211_sft 5706 1957.75 1904.21 9367 5633 4132.75 4563.5 38419
./instancias/experimentos_full/i160-211_sft 5706 1959.41 1905.84 9455 5633 4132.75 4563.75 38615
./instancias/experimentos_full/i160-211_sft 5706 1960.17 1906.82 9482 5633 4132.75 4563.75 38728
./instancias/reduzido/i160-212_sft 6086 1900.36 1869.75 3429 347 4052.5 4403.62 32685
./instancias/reduzido/i160-212_sft 6086 1899.38 1866.91 3429 347 4052.5 4403.62 32590
./instancias/reduzido/i160-212_sft 6086 1900.79 1871.37 3431 347 4052.5 4403.62 32917
./instancias/reduzido/i160-212_sft 6086 1899.7 1869.15 3424 347 4052.5 4403.62 32588
./instancias/reduzido/i160-212_sft 6086 1899.55 1867.24 3415 347 4052.5 4403.62 32446
./instancias/reduzido/i160-212_sft 6086 1900.14 1867.05 3415 347 4052.5 4403.62 32446
./instancias/reduzido/i160-212_sft 6086 1899.9 1867.78 3415 347 4052.5 4403.62 32454
./instancias/reduzido/i160-212_sft 6086 1902.34 1872.31 3441 347 4052.5 4403.62 32964
./instancias/reduzido/i160-212_sft 6086 1900.95 1871.19 3431 347 4052.5 4403.62 32893
./instancias/reduzido/i160-212_sft 6086 1900.9 1871.44 3429 347 4052.5 4403.62 32703
./instancias/reduzido/i160-213_sft 5395 1968.67 1883.48 20467 164 4083 4677 49950
./instancias/reduzido/i160-213_sft 5395 1969.48 1884.57 20723 164 4083 4678 50180
./instancias/reduzido/i160-213_sft 5395 1967.89 1883.58 20366 164 4083 4676.75 49869
./instancias/reduzido/i160-213_sft 5395 1969.8 1883.82 20384 164 4083 4676.75 49877
./instancias/reduzido/i160-213_sft 5395 1969.07 1884.01 20552 164 4083 4677.5 50005
./instancias/reduzido/i160-213_sft 5395 1970.37 1884.96 20579 164 4083 4677.5 50009
./instancias/reduzido/i160-213_sft 5395 1969.06 1884.65 20480 164 4083 4677 49980
./instancias/reduzido/i160-213_sft 5395 1971.63 1886.08 20604 164 4083 4677.5 50012
./instancias/reduzido/i160-213_sft 5395 1969.98 1884.47 20468 164 4083 4677 49954
./instancias/reduzido/i160-213_sft 5395 1968.88 1883.73 20399 164 4083 4676.83 49883
./instancias/reduzido/i160-214_sft 5645 2033 1973.09 7954 141 4270.5 4699 43799
./instancias/reduzido/i160-214_sft 5645 2033.73 1972.9 7978 141 4270.5 4699.05 43866
./instancias/reduzido/i160-214_sft 5645 2033.1 1972.11 7679 141 4270.5 4697.25 42923
./instancias/reduzido/i160-214_sft 5645 2032.69 1969.89 7417 141 4270.5 4696.75 40997
./instancias/reduzido/i160-214_sft 5645 2036.92 1975.6 7606 141 4270.5 4697.07 42499
./instancias/reduzido/i160-214_sft 5645 2035.97 1974.17 7584 141 4270.5 4697.07 42326
./instancias/reduzido/i160-214_sft 5645 2031.76 1970.55 7601 141 4270.5 4697.07 42465
./instancias/reduzido/i160-214_sft 5645 2034.32 1974.16 7797 141 4270.5 4698.25 43356
./instancias/reduzido/i160-214_sft 5645 2040 1978.65 7902 141 4270.5 4699 43680
./instancias/reduzido/i160-214_sft 5645 2036.54 1975.96 7859 141 4270.5 4698.39 43568
./instancias/reduzido/i160-215_sft 5510 1910.6 1830.62 18568 18014 3926.5 4559 47131
./instancias/reduzido/i160-215_sft 5510 1911.28 1830.23 18771 18014 3926.5 4560.67 47384
./instancias/reduzido/i160-215_sft 5739 1895.33 1863.44 3938 2253 3926.5 4302 34097
./instancias/reduzido/i160-215_sft 5510 1912.14 1832.04 18893 18014 3926.5 4561.5 47607
./instancias/reduzido/i160-215_sft 6035 1941.25 1898.65 6284 3165 3926.5 4341 42783
./instancias/reduzido/i160-215_sft 5510 1909.58 1830.04 18538 18014 3926.5 4559 47120
./instancias/reduzido/i160-215_sft 6035 1941.47 1899.34 6242 3165 3926.5 4341 42682
./instancias/reduzido/i160-215_sft 6035 1942.69 1899.96 6346 3165 3926.5 4342.25 42987
./instancias/reduzido/i160-215_sft 6035 1939.63 1897.8 6195 3165 3926.5 4341 42612
./instancias/reduzido/i160-215_sft 5739 1894.8 1864.28 3935 2253 3926.5 4302 34071
./instancias/reduzido/i160-232_sft 6553 1876.86 1839.72 15518 2492 4831.73 5563.12 27309
./instancias/reduzido/i160-232_sft 6553 1879.13 1841.98 15640 2492 4831.73 5563.5 27385
./instancias/reduzido/i160-232_sft 6553 1879.72 1842.04 15704 2492 4831.73 5564.09 27402
./instancias/reduzido/i160-232_sft 6553 1879.1 1841.46 15534 2492 4831.73 5563.12 27348
./instancias/reduzido/i160-232_sft 6553 1878.45 1840.79 15515 2492 4831.73 5563.12 27293
./instancias/reduzido/i160-232_sft 6553 1876.79 1839.65 15576 2492 4831.73 5563.25 27360
./instancias/reduzido/i160-232_sft 6553 1878.37 1841.11 15469 2492 4831.73 5562.5 27243
./instancias/reduzido/i160-232_sft 6553 1877.65 1839.61 15456 2492 4831.73 5562.5 27215
./instancias/reduzido/i160-232_sft 6654 1854.51 1834.4 5397 2224 4831.73 5492.23 30026
./instancias/reduzido/i160-232_sft 6553 1877.13 1839.93 15512 2492 4831.73 5563.12 27293
./instancias/reduzido/i160-241_sft 4730 2066.82 1993.4 4572 4363 3635.5 3914.5 22861
./instancias/reduzido/i160-241_sft 4508 2087.35 1955.86 10199 3761 3635.5 4082 30323
./instancias/reduzido/i160-241_sft 4508 2086.84 1955.66 10199 3761 3635.5 4082 30309
./instancias/reduzido/i160-241_sft 4508 2088.53 1956.22 10199 3761 3635.5 4082 30312
./instancias/reduzido/i160-241_sft 5253 2052.08 1989.87 3590 1244 3635.5 3891.25 22521
./instancias/reduzido/i160-241_sft 5253 2053.7 1991.24 3634 1244 3635.5 3891.25 22604
./instancias/reduzido/i160-241_sft 5253 2052.22 1990.16 3631 1244 3635.5 3891.25 22580
./instancias/reduzido/i160-241_sft 5253 2052.49 1990.05 3588 1244 3635.5 3891.25 22483
./instancias/reduzido/i160-241_sft 5253 2051.08 1988.97 3591 1244 3635.5 3891.25 22531
./instancias/reduzido/i160-241_sft 4508 2085.86 1955.14 10199 3761 3635.5 4082 30309
./instancias/reduzido/i160-242_sft 4524 1985.5 1760.23 22796 4933 3609 4197.12 42545
./instancias/reduzido/i160-242_sft 4524 1985.57 1760.93 22669 4933 3609 4196.5 42426
./instancias/reduzido/i160-242_sft 4740 2019.01 1932.1 6127 2967 3609 3979 20125
./instancias/reduzido/i160-242_sft 4740 2021.98 1934.04 6301 2967 3609 3982.5 20380
./instancias/reduzido/i160-242_sft 4635 2047.16 1960.5 6600 4835 3609 4002.25 25264
./instancias/reduzido/i160-242_sft 4635 2047.09 1961.2 6554 4835 3609 4002.25 25177
./instancias/reduzido/i160-242_sft 4635 2047.42 1960.38 6587 4835 3609 4002.25 25221
./instancias/reduzido/i160-242_sft 4635 2045.33 1959.44 6485 4835 3609 4002.17 25031
./instancias/reduzido/i160-242_sft 4635 2046.81 1961.17 6497 4835 3609 4002.17 25042
./instancias/reduzido/i160-242_sft 4524 1985.56 1758.61 22772 4933 3609 4196.92 42532
./instancias/reduzido/i160-243_sft 5308 2081.74 2013.52 4097 330 3630.5 3951.75 25922
./instancias/reduzido/i160-243_sft 5308 2083.68 2015.19 4104 330 3630.5 3951.75 25935
./instancias/reduzido/i160-243_sft 5308 2082.55 2015.2 4125 330 3630.5 3951.75 26014
./instancias/reduzido/i160-243_sft 5308 2085.67 2018.2 4173 330 3630.5 3951.75 26229
./instancias/reduzido/i160-243_sft 5308 2084.26 2016.81 4167 330 3630.5 3951.75 26147
./instancias/reduzido/i160-243_sft 5308 2085.88 2018.35 4222 330 3630.5 3952 26456
./instancias/reduzido/i160-243_sft 5308 2084.97 2016.39 4134 330 3630.5 3951.75 26049
./instancias/reduzido/i160-243_sft 5308 2082.16 2014.19 4124 330 3630.5 3951.75 26006
./instancias/reduzido/i160-243_sft 5308 2083.56 2015.36 4123 330 3630.5 3951.75 25993
./instancias/reduzido/i160-243_sft 5308 2082.53 2013.35 4123 330 3630.5 3951.75 26000
./instancias/reduzido/i160-244_sft 4307 2003.51 1922.71 5021 69 3602.67 3999.34 16940
./instancias/reduzido/i160-244_sft 4307 2004.45 1924.28 4989 69 3602.67 3999.12 16867
./instancias/reduzido/i160-244_sft 4307 2005.06 1923.96 5022 69 3602.67 3999.34 16940
./instancias/reduzido/i160-244_sft 4307 2006.44 1924.53 5069 69 3602.67 3999.5 16973
./instancias/reduzido/i160-244_sft 4307 2006.11 1924.5 5121 69 3602.67 4000 17054
./instancias/reduzido/i160-244_sft 4307 2006 1924.48 5022 69 3602.67 3999.34 16942
./instancias/reduzido/i160-244_sft 4307 2004.45 1924.03 5027 69 3602.67 3999.34 16942
./instancias/reduzido/i160-244_sft 4307 2005.03 1924.1 5080 69 3602.67 3999.5 16984
./instancias/reduzido/i160-244_sft 4307 2003.74 1922.77 5132 69 3602.67 4000.17 17072
./instancias/reduzido/i160-244_sft 4307 2004.13 1921.86 5176 69 3602.67 4000.59 17123
./instancias/reduzido/i160-245_sft 5008 2111.81 2034.64 3160 210 3593.5 3801.48 20515
./instancias/reduzido/i160-245_sft 5008 2113.53 2035.62 3160 210 3593.5 3801.48 20525
./instancias/reduzido/i160-245_sft 5008 2112.95 2034.67 3160 210 3593.5 3801.48 20499
./instancias/reduzido/i160-245_sft 5008 2110.68 2032.55 3160 210 3593.5 3801.48 20499
./instancias/reduzido/i160-245_sft 5008 2112.7 2034.08 3160 210 3593.5 3801.48 20523
./instancias/reduzido/i160-245_sft 5008 2112.11 2033.61 3160 210 3593.5 3801.48 20499
./instancias/reduzido/i160-245_sft 5008 2112.91 2034.71 3160 210 3593.5 3801.48 20510
./instancias/reduzido/i160-245_sft 5008 2121.62 2037.79 3056 210 3593.5 3801.48 19921
