./instancias/experimentos/i160-341_sft 13081 2125.44 1879.89 6961 5824 5900.62 6057.25 66299
./instancias/experimentos/i160-342_sft 12822 2085.75 1819.27 6732 5806 5904.75 6095.5 60354
./instancias/experimentos/i160-343_sft 13622 6454.49 1892.92 6942 2955 5920 6075.67 67461
./instancias/experimentos/i160-344_sft 13088 2113.98 1815.28 8944 2993 5952.75 6113.17 72521
./instancias/experimentos/i160-345_sft 13763 2093.34 1854.95 6678 2969 5891.75 6036.5 59432
./instancias/experimentos/i320-011_sft 1854 934.677 921.977 2141 1874 1618.83 1853.07 10910
./instancias/experimentos/i320-014_sft 1e+09 1814.38 1806.85 1440 -1 1576 1599 1533
./instancias/experimentos/i320-015_sft 2848 1898.48 1880.93 1661 761 1586.75 1671.83 12666
./instancias/experimentos/i320-031_sft 2873 1867.51 1856.72 1582 134 2095.5 2361.6 22477
./instancias/experimentos/i320-032_sft 2379 721.833 714.746 546 540 2192 2379 17544
./instancias/experimentos/i320-043_sft 1372 0.621531 0.176844 10 6 1281 1371.17 125
./instancias/experimentos/i320-111_sft 1e+09 1852.02 1828.11 448 -1 3451.5 3512.25 25922
./instancias/experimentos/i320-112_sft 1e+09 1855.78 1829.66 520 -1 3312.4 3404 21655
./instancias/experimentos/i320-113_sft 6544 1917.91 1881.06 1690 1464 3152.31 3242 24922
./instancias/experimentos/i320-114_sft 5737 1887.74 1856.72 1286 992 3238.5 3339 17587
./instancias/experimentos/i320-115_sft 5642 1860.25 1833.21 1268 704 3170 3318 18190
./instancias/experimentos/i320-135_sft 8058 1864.08 1847.97 859 537 4286.56 4344.02 26982
./instancias/experimentos/i320-141_sft 5102 2043.99 1878.97 2300 2189 2587.25 2688.5 16709
./instancias/experimentos/i320-145_sft 1e+09 1997.65 1913.05 92 -1 2620.5 2714.5 9123
./instancias/experimentos/i320-205_sft 12203 1837.06 1800.73 1922 460 8183.83 8504.5 43588
./instancias/experimentos/i320-211_sft 1e+09 1890.98 1823.42 1596 -1 6004.18 6152.67 35963
./instancias/experimentos/i320-212_sft 1e+09 1884.96 1800.46 1695 -1 6086.95 6218.3 48174
./instancias/experimentos/i320-213_sft 1e+09 1861.23 1811.39 1411 -1 5738.62 5882.24 33997
./instancias/experimentos/i320-214_sft 1e+09 1861.27 1814.96 253 -1 5913 6104.75 13803
./instancias/experimentos/i320-215_sft 1e+09 1961.14 1862.65 1696 -1 5812 5955.38 28809
./instancias/experimentos/i320-221_sft 1e+09 1929.96 680.572 1305 -1 4932.62 4953 12649
./instancias/experimentos/i320-222_sft 1e+09 1913.17 587.005 1659 -1 4939 4962 13184
./instancias/experimentos/i320-223_sft 1e+09 1950.93 909.865 1111 -1 4931 4949.5 9750
./instancias/experimentos/i320-224_sft 1e+09 1962.71 843.705 1286 -1 4937 4962 12738
./instancias/experimentos/i320-225_sft 1e+09 1932.82 687.001 1561 -1 4941 4960.5 13107
./instancias/experimentos/i320-231_sft 11360 1853.06 1818.98 1370 350 7452.25 7820 37216
./instancias/experimentos/i320-232_sft 11892 1905.96 1862.67 1780 840 7442.21 7807.41 40109
./instancias/experimentos/i320-241_sft 1e+09 2043.27 1802.66 1169 -1 5021.5 5069.5 12703
./instancias/experimentos/i320-242_sft 1e+09 2081.63 1387.16 4016 -1 5048 5194.5 39278
./instancias/experimentos/i320-243_sft 1e+09 2049.49 1741.68 621 -1 5026 5169.75 14551
./instancias/experimentos/i320-244_sft 1e+09 2052.91 1797.52 498 -1 5039.5 5146.25 13002
./instancias/experimentos/i320-245_sft 1e+09 2091.25 1632.38 2650 -1 5021.5 5125 30191
./instancias/experimentos/i320-305_sft 26638 1964.85 1830.12 3199 813 16903.3 17385.6 87233
./instancias/experimentos/i320-311_sft 1e+09 1976.78 1740.96 622 -1 12765.2 12911.5 17785
./instancias/experimentos/i320-312_sft 1e+09 1926.48 1742.42 209 -1 12450.8 12597.4 10145
./instancias/experimentos/i320-313_sft 1e+09 1995.24 1732.86 506 -1 12402.2 12520.2 19688
./instancias/experimentos/i320-314_sft 28415 2016.54 1612.16 3138 2175 12765.8 12956.5 85460
./instancias/experimentos/i320-315_sft 1e+09 2008.25 1676.09 1608 -1 12569 12706.9 52757
./instancias/experimentos/i320-321_sft 1e+09 1820.5 80.217 706 -1 11542.5 11557.5 8344
./instancias/experimentos/i320-322_sft 1e+09 1812.37 41.4231 663 -1 11538 11588.5 7231
./instancias/experimentos/i320-323_sft 1e+09 1828.22 135.056 563 -1 11556.5 11621.8 9387
./instancias/experimentos/i320-324_sft 1e+09 1835.51 184.981 602 -1 11572.8 11597 8907
./instancias/experimentos/i320-325_sft 1e+09 1815.87 50.7249 638 -1 11553 11605.2 6676
./instancias/experimentos/i320-331_sft 26738 1918.39 1683.7 5871 683 15036.5 15554 100033
./instancias/experimentos/i320-332_sft 26487 1914.84 1664.46 7070 1189 15739.3 16210 119658
./instancias/experimentos/i320-333_sft 26746 1957.82 1735.14 5353 1287 14876.8 15377.2 106470
./instancias/experimentos/i320-335_sft 26396 1887.85 1737.33 2994 600 15355 15784.2 67472
./instancias/experimentos/i320-341_sft 1e+09 1911.56 550.751 2249 -1 11724.1 11775.5 39517
./instancias/experimentos/i320-342_sft 1e+09 1922.44 672.163 1878 -1 11725.1 11764.8 31597
./instancias/experimentos/i320-343_sft 1e+09 1934.47 671.771 1980 -1 11704 11770.5 44047
./instancias/experimentos/i320-344_sft 1e+09 1930.14 736.746 1755 -1 11732 11765.2 33188
