./instancias/experimentos/i160-341_sft 8174 2047.85 1728.62 11152 610 5900.62 6076.5 56509
./instancias/experimentos/i160-342_sft 7876 2084.64 1782.36 8950 324 5904.75 6117.83 55503
./instancias/experimentos/i160-343_sft 8731 2052.84 1750.28 10612 721 5920 6123 66468
./instancias/experimentos/i160-344_sft 8225 2092.02 1889.55 5322 410 5952.75 6170.5 46397
./instancias/experimentos/i160-345_sft 7459 2113.14 1870.77 6989 395 5891.75 6045.5 66810
./instancias/experimentos/i320-011_sft 1854 1.87383 1.32417 120 100 1618.83 1854 585
./instancias/experimentos/i320-014_sft 1858 23.1873 19.886 1100 960 1576 1857.8 3103
./instancias/experimentos/i320-015_sft 1781 61.4631 57.5795 622 572 1586.75 1780.96 3395
./instancias/experimentos/i320-031_sft 2577 4.10833 3.38932 266 174 2095.5 2577 1381
./instancias/experimentos/i320-032_sft 2379 0.790729 0.575072 30 14 2192 2379 663
./instancias/experimentos/i320-043_sft 1372 0.594606 0.179554 9 6 1281 1371.17 125
./instancias/experimentos/i320-111_sft 4445 1869.18 1838.64 1351 304 3451.5 3636.5 20452
./instancias/experimentos/i320-112_sft 3674 1963.03 1921.31 1621 250 3312.4 3520.67 19903
./instancias/experimentos/i320-113_sft 3742 1911.02 1800.11 17576 52 3152.31 3545.67 39405
./instancias/experimentos/i320-114_sft 4136 1871.85 1843.8 1251 1093 3238.5 3380.32 17198
./instancias/experimentos/i320-115_sft 4627 1939.83 1906.28 1408 120 3170 3429 20397
./instancias/experimentos/i320-135_sft 5659 1857.4 1837.69 2312 1677 4286.56 4525.05 23702
./instancias/experimentos/i320-141_sft 3278 1950.05 1835.26 941 63 2587.25 2882.75 9054
./instancias/experimentos/i320-145_sft 1e+09 2037.73 1961.76 152 -1 2620.5 2723.5 9124
./instancias/experimentos/i320-205_sft 10490 1846.41 1786.72 8790 7652 8183.83 9297.12 34148
./instancias/experimentos/i320-211_sft 9182 1866.7 1815.37 1037 645 6004.18 6167.33 23393
./instancias/experimentos/i320-212_sft 8136 1900.44 1833.06 1082 280 6086.95 6373 25443
./instancias/experimentos/i320-213_sft 7416 1998.79 1861.8 5505 4885 5738.62 6223.5 40197
./instancias/experimentos/i320-214_sft 8445 1961.5 1892.81 1112 556 5913 6208.5 19906
./instancias/experimentos/i320-215_sft 8912 1925 1862.46 922 860 5812 6070.25 22156
./instancias/experimentos/i320-221_sft 5119 492.286 16.0798 1202 284 4932.62 5118.25 3338
./instancias/experimentos/i320-222_sft 5103 172.37 4.82732 392 191 4939 5103 1241
./instancias/experimentos/i320-223_sft 5050 83.7188 2.38229 178 128 4931 5050 641
./instancias/experimentos/i320-224_sft 5324 1853.81 1456.53 382 129 4937 4972 3130
./instancias/experimentos/i320-225_sft 5099 427.171 14.9443 940 759 4941 5099 2449
./instancias/experimentos/i320-231_sft 10294 1852.71 1807.82 3558 2454 7452.25 8194 38600
./instancias/experimentos/i320-232_sft 10439 1860.29 1813.14 2916 2889 7442.21 8182.1 41657
./instancias/experimentos/i320-241_sft 6186 1913.68 1747.85 366 270 5021.5 5072 6786
./instancias/experimentos/i320-242_sft 6900 2058.59 1720.73 1547 371 5048 5217 21510
./instancias/experimentos/i320-243_sft 6326 2061.32 1816.2 998 702 5026 5176.5 18229
./instancias/experimentos/i320-244_sft 6514 2077.23 1829.81 1097 443 5039.5 5177.25 16995
./instancias/experimentos/i320-245_sft 5973 1931.38 1518.48 3367 243 5021.5 5186 17677
./instancias/experimentos/i320-305_sft 23357 1840.69 1462.67 23965 16910 16903.3 18208.2 132559
./instancias/experimentos/i320-311_sft 22028 2028.32 1741.57 1754 1205 12765.2 12927 40892
./instancias/experimentos/i320-312_sft 21240 2016.79 1705.11 1965 774 12450.8 12761.8 51796
./instancias/experimentos/i320-313_sft 1e+09 1937.59 1769.89 212 -1 12402.2 12520.2 11849
./instancias/experimentos/i320-314_sft 20935 2014.27 1679.99 2798 929 12765.8 13070.5 59031
./instancias/experimentos/i320-315_sft 21334 1917.22 1724.17 1204 820 12569 12773.5 33176
./instancias/experimentos/i320-321_sft 1e+09 1812.85 56.8585 768 -1 11542.5 11557.5 7041
./instancias/experimentos/i320-322_sft 1e+09 1811.04 47.0347 748 -1 11538 11588.5 7319
./instancias/experimentos/i320-323_sft 1e+09 1813.43 56.2802 816 -1 11556.5 11621.8 7093
./instancias/experimentos/i320-324_sft 1e+09 1812.03 52.3803 746 -1 11572.8 11597 7056
./instancias/experimentos/i320-325_sft 1e+09 1815.41 61.904 923 -1 11553 11605.2 6575
./instancias/experimentos/i320-331_sft 22349 1860.08 1682.51 5627 2795 15036.5 16160.5 84757
./instancias/experimentos/i320-332_sft 23305 1895.21 1666.43 7674 297 15739.3 16658.3 102176
./instancias/experimentos/i320-333_sft 21200 1870.94 1597.84 10428 4448 14876.8 16250.2 103676
./instancias/experimentos/i320-335_sft 23592 1950.13 1704.52 6669 355 15355 16373.5 106359
./instancias/experimentos/i320-341_sft 1e+09 1942.89 1350.12 972 -1 11724.1 11775.5 28354
./instancias/experimentos/i320-342_sft 1e+09 1993.15 1353.69 1075 -1 11725.1 11764.8 20457
./instancias/experimentos/i320-343_sft 14961 1995.24 1048.34 1996 1036 11704 11818 39795
./instancias/experimentos/i320-344_sft 15228 1916.2 626.3 3236 968 11732 11816.2 37802
