./instancias/reduzido/i160-341_sft 13081 6443.62 1896.5 6911 5824 5900.62 6057.25 65888
./instancias/reduzido/i160-342_sft 12822 2092.95 1829.51 7152 5806 5904.75 6097.5 62555
./instancias/reduzido/i160-343_sft 13622 6463.37 1904.1 7002 2955 5920 6075.67 68021
./instancias/reduzido/i160-344_sft 13088 2121.34 1823.38 9129 2993 5952.75 6115.17 73364
./instancias/reduzido/i160-345_sft 13763 2103.2 1862.75 6767 2969 5891.75 6036.5 60150
./instancias/reduzido/i320-011_sft 1854 907.928 895.378 2141 1874 1618.83 1853.07 10910
./instancias/reduzido/i320-014_sft 1e+09 1818.97 1808.85 1468 -1 1576 1599 1533
./instancias/reduzido/i320-015_sft 2848 1901.13 1885.07 1667 761 1586.75 1671.83 12884
./instancias/reduzido/i320-031_sft 2873 1861.6 1850.14 1419 134 2095.5 2351.64 21368
./instancias/reduzido/i320-032_sft 2379 776.549 769.029 546 540 2192 2379 17544
./instancias/reduzido/i320-043_sft 1372 0.612847 0.165201 10 6 1281 1371.17 125
./instancias/reduzido/i320-111_sft 1e+09 1854.58 1829.4 438 -1 3451.5 3512.25 25193
./instancias/reduzido/i320-112_sft 1e+09 1865.02 1838.87 520 -1 3312.4 3404 21043
./instancias/reduzido/i320-113_sft 6544 1910.74 1872.59 1667 1464 3152.31 3242 24615
./instancias/reduzido/i320-114_sft 5737 1881.34 1850.62 1323 992 3238.5 3339 18244
./instancias/reduzido/i320-115_sft 5642 1860.36 1831.78 1222 704 3170 3318 17348
./instancias/reduzido/i320-135_sft 8058 1869.16 1852.68 860 537 4286.56 4344.02 27782
./instancias/reduzido/i320-141_sft 5102 2049.05 1884.48 2304 2189 2587.25 2688.5 16812
./instancias/reduzido/i320-145_sft 1e+09 2001.77 1916.98 92 -1 2620.5 2714.5 9138
./instancias/reduzido/i320-205_sft 12203 1838.85 1801.85 1962 460 8183.83 8504.5 44220
./instancias/reduzido/i320-211_sft 1e+09 1895.08 1826.57 1620 -1 6004.18 6152.67 36567
./instancias/reduzido/i320-212_sft 1e+09 1893.13 1808.51 1695 -1 6086.95 6218.3 50537
./instancias/reduzido/i320-213_sft 1e+09 1863.46 1805.1 1421 -1 5738.62 5882.24 34713
./instancias/reduzido/i320-214_sft 1e+09 1866.72 1819.18 253 -1 5913 6104.75 13912
./instancias/reduzido/i320-215_sft 1e+09 1964.18 1867.16 1718 -1 5812 5955.38 29382
./instancias/reduzido/i320-221_sft 1e+09 1920.78 600.378 1193 -1 4932.62 4953 11689
./instancias/reduzido/i320-222_sft 1e+09 1914.67 585.27 1650 -1 4939 4962 13064
./instancias/reduzido/i320-223_sft 1e+09 1958.65 936.831 1168 -1 4931 4949.5 10025
./instancias/reduzido/i320-224_sft 1e+09 1964.48 826.781 1277 -1 4937 4962 12591
./instancias/reduzido/i320-225_sft 1e+09 1882.39 374.001 1261 -1 4941 4960.5 9949
./instancias/reduzido/i320-231_sft 11360 1879.9 1842.67 1341 350 7452.25 7820 34896
./instancias/reduzido/i320-232_sft 11892 1894.23 1849.53 1790 840 7442.21 7807.41 40297
./instancias/reduzido/i320-241_sft 1e+09 2050.28 1808.26 1198 -1 5021.5 5069.5 12946
./instancias/reduzido/i320-242_sft 1e+09 2088.55 1436.6 4263 -1 5048 5194.5 44885
./instancias/reduzido/i320-243_sft 1e+09 2054.3 1748.74 621 -1 5026 5169.75 14717
./instancias/reduzido/i320-244_sft 1e+09 2062.27 1805.82 505 -1 5039.5 5146.25 13086
./instancias/reduzido/i320-245_sft 1e+09 2097.09 1638.18 2687 -1 5021.5 5125 30411
./instancias/reduzido/i320-305_sft 26638 1999.96 1857.36 3700 813 16903.3 17401.5 93302
./instancias/reduzido/i320-311_sft 1e+09 1973.89 1735.65 622 -1 12765.2 12911.5 17837
./instancias/reduzido/i320-312_sft 1e+09 1932.02 1744.56 205 -1 12450.8 12597.4 10112
./instancias/reduzido/i320-313_sft 1e+09 1990.45 1723.93 492 -1 12402.2 12520.2 18665
./instancias/reduzido/i320-314_sft 28415 2012.89 1586.79 3092 2175 12765.8 12956.5 84187
./instancias/reduzido/i320-315_sft 1e+09 2009.54 1666.82 1608 -1 12569 12706.9 51550
./instancias/reduzido/i320-321_sft 1e+09 1821.04 85.7877 744 -1 11542.5 11557.5 8617
./instancias/reduzido/i320-322_sft 1e+09 1814.17 48.4303 672 -1 11538 11588.5 7861
./instancias/reduzido/i320-323_sft 1e+09 1830.06 144.303 593 -1 11556.5 11621.8 9541
./instancias/reduzido/i320-324_sft 1e+09 1837.55 195.632 635 -1 11572.8 11597 9337
./instancias/reduzido/i320-325_sft 1e+09 1814.27 53.6264 671 -1 11553 11605.2 6906
./instancias/reduzido/i320-331_sft 26738 1944.25 1709.29 6024 683 15036.5 15555.5 101854
./instancias/reduzido/i320-332_sft 26487 1911.29 1656.25 7300 1189 15739.3 16214.1 122761
./instancias/reduzido/i320-333_sft 26746 1930.68 1708.38 5383 1287 14876.8 15377.2 106860
./instancias/reduzido/i320-335_sft 26396 1903.35 1749.12 3097 600 15355 15789.2 68814
./instancias/reduzido/i320-341_sft 1e+09 1912.09 553.449 2268 -1 11724.1 11775.5 39949
./instancias/reduzido/i320-342_sft 1e+09 1925.14 682.965 1919 -1 11725.1 11764.8 31957
./instancias/reduzido/i320-343_sft 1e+09 1936.62 685.521 2035 -1 11704 11770.5 45266
./instancias/reduzido/i320-344_sft 1e+09 1934 765.663 1755 -1 11732 11765.2 33346
./instancias/teste/SNDlib1 897551 5.58763 3.26136 15064 4649 529610 897551 5157
./instancias/teste/SNDlib1 897551 4.14897 3.33317 16472 16471 529610 897551 2243
./instancias/teste/SNDlib1 897551 0.006374 0.004173 0 0 897551 897551 10
./instancias/teste/SNDlib1 897551 0.005631 0.003516 0 0 897551 897551 10
