./instancias/reduzido/i160-341_sft 8174 2063.53 1742.8 11030 610 5900.62 6076.5 56171
./instancias/reduzido/i160-342_sft 7876 2093.27 1803.1 9101 324 5904.75 6118 56886
./instancias/reduzido/i160-343_sft 8731 2063.75 1759.59 10880 721 5920 6123.5 67630
./instancias/reduzido/i160-344_sft 8225 2103.79 1903.63 5346 410 5952.75 6170.5 46692
./instancias/reduzido/i160-345_sft 7459 2123.84 1880.89 7175 395 5891.75 6045.83 67738
./instancias/reduzido/i320-011_sft 1854 1.83828 1.29463 120 100 1618.83 1854 585
./instancias/reduzido/i320-014_sft 1858 23.1054 19.8302 1100 960 1576 1857.8 3103
./instancias/reduzido/i320-015_sft 1781 72.4476 68.0311 622 572 1586.75 1780.96 3395
./instancias/reduzido/i320-031_sft 2577 4.20384 3.47106 266 174 2095.5 2577 1381
./instancias/reduzido/i320-032_sft 2379 0.887764 0.650054 30 14 2192 2379 663
./instancias/reduzido/i320-043_sft 1372 0.592304 0.176032 9 6 1281 1371.17 125
./instancias/reduzido/i320-111_sft 4445 1870.92 1838.93 1346 304 3451.5 3636.5 20396
./instancias/reduzido/i320-112_sft 3674 1965.57 1922.11 1603 250 3312.4 3520.57 19621
./instancias/reduzido/i320-113_sft 3742 1913.71 1798.44 16431 52 3152.31 3543.5 37767
./instancias/reduzido/i320-114_sft 4136 1874.88 1847 1251 1093 3238.5 3380.32 17293
./instancias/reduzido/i320-115_sft 4627 1942.32 1907.11 1408 120 3170 3429 20234
./instancias/reduzido/i320-135_sft 5659 1858.66 1839.86 2419 1677 4286.56 4530.49 23841
./instancias/reduzido/i320-141_sft 3278 1956.01 1840.94 941 63 2587.25 2882.75 9059
./instancias/reduzido/i320-145_sft 1e+09 2043.27 1967.25 152 -1 2620.5 2723.5 9166
./instancias/reduzido/i320-205_sft 10490 1851.37 1791.39 8873 7652 8183.83 9297.25 34330
./instancias/reduzido/i320-211_sft 9182 1867.81 1815.84 1046 645 6004.18 6167.33 23557
./instancias/reduzido/i320-212_sft 8136 1907.93 1838.2 1108 280 6086.95 6373 26081
./instancias/reduzido/i320-213_sft 7416 2011.96 1873.41 5574 4885 5738.62 6224.1 41144
./instancias/reduzido/i320-214_sft 8445 1966.32 1897.71 1133 556 5913 6208.5 20076
./instancias/reduzido/i320-215_sft 8912 1930.1 1866.61 922 860 5812 6070.25 22192
./instancias/reduzido/i320-221_sft 5119 533.946 16.6397 1202 284 4932.62 5118.25 3338
./instancias/reduzido/i320-222_sft 5103 175.727 4.84322 392 191 4939 5103 1241
./instancias/reduzido/i320-223_sft 5050 77.8718 2.29029 178 128 4931 5050 641
./instancias/reduzido/i320-224_sft 5324 1853.14 1457.46 382 129 4937 4972 3124
./instancias/reduzido/i320-225_sft 5099 429.894 15.0154 940 759 4941 5099 2449
./instancias/reduzido/i320-231_sft 10294 1852.08 1807.22 3450 2454 7452.25 8193.5 38146
./instancias/reduzido/i320-232_sft 10439 1867.13 1819.13 2963 2889 7442.21 8182.1 42502
./instancias/reduzido/i320-241_sft 6186 1915.62 1749.59 366 270 5021.5 5072 6786
./instancias/reduzido/i320-242_sft 6900 2064.05 1723.6 1615 371 5048 5217 21878
./instancias/reduzido/i320-243_sft 6326 2065.71 1822.65 1000 702 5026 5176.5 18296
./instancias/reduzido/i320-244_sft 6514 2081.04 1837.11 1097 443 5039.5 5177.25 17148
./instancias/reduzido/i320-245_sft 5973 1933.27 1529.78 3367 243 5021.5 5186 17677
./instancias/reduzido/i320-305_sft 23357 1841.5 1456.29 24259 16910 16903.3 18210 134205
./instancias/reduzido/i320-311_sft 22028 2030.77 1744.08 1764 1205 12765.2 12927 41398
./instancias/reduzido/i320-312_sft 21240 2018.79 1694.58 1950 774 12450.8 12761.8 51526
./instancias/reduzido/i320-313_sft 1e+09 1940.12 1767.78 206 -1 12402.2 12520.2 11194
./instancias/reduzido/i320-314_sft 20935 2011.45 1665.71 2779 929 12765.8 13070.5 58554
./instancias/reduzido/i320-315_sft 21334 1927.82 1727.45 1240 820 12569 12773.5 34455
./instancias/reduzido/i320-321_sft 1e+09 1813.91 60.8619 805 -1 11542.5 11557.5 7388
./instancias/reduzido/i320-322_sft 1e+09 1810.55 49.2914 791 -1 11538 11588.5 7504
./instancias/reduzido/i320-323_sft 1e+09 1814.48 59.1749 859 -1 11556.5 11621.8 7281
./instancias/reduzido/i320-324_sft 1e+09 1813.71 56.318 801 -1 11572.8 11597 7269
./instancias/reduzido/i320-325_sft 11959 1818.54 67.9007 1032 1011 11553 11606.5 6868
./instancias/reduzido/i320-331_sft 22349 1866.67 1684.16 5778 2795 15036.5 16162.8 86668
./instancias/reduzido/i320-332_sft 23305 1900.56 1673.23 7684 297 15739.3 16658.3 102476
./instancias/reduzido/i320-333_sft 21200 1873.95 1598.17 10773 4448 14876.8 16252.8 106663
./instancias/reduzido/i320-335_sft 23592 1956.38 1708.03 6841 355 15355 16382.5 108154
./instancias/reduzido/i320-341_sft 1e+09 1944.22 1358.32 972 -1 11724.1 11775.5 28399
./instancias/reduzido/i320-342_sft 1e+09 1996.96 1365.38 1085 -1 11725.1 11764.8 20776
./instancias/reduzido/i320-343_sft 14961 1996.16 1063.8 2047 1036 11704 11818 40113
