./instancias/experimentos/i160-341_sft 7503 2054.1 1853.84 7983 233 5900.62 6148.5 48256
./instancias/experimentos/i160-342_sft 7571 2050.24 1934.4 3802 1595 5904.75 6282.25 33352
./instancias/experimentos/i160-343_sft 7560 2051.85 1776.63 12005 132 5920 6333.5 67855
./instancias/experimentos/i160-344_sft 7637 2007.12 1681.71 16448 152 5952.75 6335.5 66132
./instancias/experimentos/i160-345_sft 7356 2065.98 1908.27 6492 147 5891.75 6106.5 40089
./instancias/experimentos/i320-011_sft 1854 0.167622 0.041649 7 6 1618.83 1854 94
./instancias/experimentos/i320-014_sft 1858 0.180721 0.099827 11 7 1576 1858 185
./instancias/experimentos/i320-015_sft 1781 0.146064 0.031954 4 3 1586.75 1781 83
./instancias/experimentos/i320-031_sft 2577 0.316113 0.161658 14 13 2095.5 2577 310
./instancias/experimentos/i320-032_sft 2379 0.375409 0.245374 11 6 2192 2379 349
./instancias/experimentos/i320-043_sft 1372 0.347586 0.046371 5 3 1281 1372 65
./instancias/experimentos/i320-111_sft 4241 0.50571 0.138166 26 25 3451.5 4241 444
./instancias/experimentos/i320-112_sft 3674 0.789064 0.177984 13 12 3312.4 3674 625
./instancias/experimentos/i320-113_sft 3742 2.2048 1.35992 21 19 3152.31 3742 1154
./instancias/experimentos/i320-114_sft 3758 0.520805 0.124057 17 16 3238.5 3758 428
./instancias/experimentos/i320-115_sft 4138 179.775 162.271 4058 3582 3170 4137.12 8834
./instancias/experimentos/i320-135_sft 5573 2.38954 1.64612 33 30 4286.56 5573 1360
./instancias/experimentos/i320-141_sft 3278 39.779 10.2067 1168 26 2587.25 3277.5 3218
./instancias/experimentos/i320-145_sft 3303 1926.28 1866.82 458 24 2620.5 3202 9211
./instancias/experimentos/i320-205_sft 10479 0.784762 0.16055 50 49 8183.83 10479 1172
./instancias/experimentos/i320-211_sft 7582 27.3141 19.1316 339 41 6004.18 7582 4536
./instancias/experimentos/i320-212_sft 7746 3.00548 0.70691 34 33 6086.95 7746 1805
./instancias/experimentos/i320-213_sft 7176 47.6678 24.1712 2952 35 5738.62 7176 7910
./instancias/experimentos/i320-214_sft 7662 3.38735 0.981996 38 37 5913 7662 1805
./instancias/experimentos/i320-215_sft 7937 89.8267 77.6538 195 44 5812 7937 4840
./instancias/experimentos/i320-221_sft 5119 443.409 12.9074 1053 223 4932.62 5118.08 3212
./instancias/experimentos/i320-222_sft 5103 81.4793 2.29497 182 119 4939 5103 669
./instancias/experimentos/i320-223_sft 5050 47.0777 1.343 110 80 4931 5050 444
./instancias/experimentos/i320-224_sft 5045 61.3136 1.78369 148 104 4937 5045 525
./instancias/experimentos/i320-225_sft 5099 109.46 3.15829 252 159 4941 5099 904
./instancias/experimentos/i320-231_sft 9711 2.79881 1.34802 53 52 7452.25 9711 2690
./instancias/experimentos/i320-232_sft 9640 5.2358 3.32397 48 47 7442.21 9640 3052
./instancias/experimentos/i320-241_sft 6266 1938.77 1771.82 692 145 5021.5 5172 8882
./instancias/experimentos/i320-242_sft 6419 1968.32 1162.32 9609 134 5048 5409.17 46961
./instancias/experimentos/i320-243_sft 6238 1953.7 1554.72 3915 121 5026 5302.5 22519
./instancias/experimentos/i320-244_sft 6217 2111.38 1835.29 1191 96 5039.5 5243.5 19898
./instancias/experimentos/i320-245_sft 5878 1998.27 1486.86 6541 72 5021.5 5314.5 28759
./instancias/experimentos/i320-305_sft 22598 3.90745 0.589997 106 105 16903.3 22598 3766
./instancias/experimentos/i320-311_sft 19287 2015.02 1766.26 2915 556 12765.2 13313 54016
./instancias/experimentos/i320-312_sft 18214 1998.06 1683.53 3890 166 12450.8 13734.3 79856
./instancias/experimentos/i320-313_sft 18028 1964.21 1718.02 3323 110 12402.2 14440.8 96532
./instancias/experimentos/i320-314_sft 18427 1993.26 1686.76 4651 1961 12765.8 14000 71305
./instancias/experimentos/i320-315_sft 18011 1963.3 1740.81 3309 958 12569 15096.9 64432
./instancias/experimentos/i320-321_sft 1e+09 1814.23 64.9846 904 -1 11542.5 11564.5 7291
./instancias/experimentos/i320-322_sft 1e+09 1809.27 42.5744 804 -1 11538 11589 6703
./instancias/experimentos/i320-323_sft 1e+09 1813.29 59.0576 872 -1 11556.5 11621.8 7160
./instancias/experimentos/i320-324_sft 1e+09 1810.2 47.7108 806 -1 11572.8 11593.5 6737
./instancias/experimentos/i320-325_sft 11959 1815.45 60.7145 980 888 11553 11604 7596
./instancias/experimentos/i320-331_sft 21853 5.77855 1.07391 125 122 15036.5 21853 5031
./instancias/experimentos/i320-332_sft 21477 51.3833 29.2274 2240 1839 15739.3 21476.1 17036
./instancias/experimentos/i320-333_sft 21002 5.22517 0.678807 106 105 14876.8 21002 4747
./instancias/experimentos/i320-335_sft 21559 1839.76 1581.5 20063 9353 15355 20631 96967
./instancias/experimentos/i320-341_sft 15612 1915.43 617.916 3276 854 11724.1 11853 40736
./instancias/experimentos/i320-342_sft 15133 1947.89 817.839 2664 829 11725.1 11840 36209
./instancias/experimentos/i320-343_sft 14851 1897.92 511.449 3648 497 11704 11882.8 39868
./instancias/experimentos/i320-344_sft 15388 1956.23 875.6 2798 1341 11732 11826.7 37202
