./instancias/experimentos/i160-341_sft 13081 2125.1 1874.63 6961 5824 5900.62 6057.25 66299
./instancias/experimentos/i160-342_sft 12822 2082.98 1816.38 6508 5806 5904.75 6095 59128
./instancias/experimentos/i160-343_sft 13622 6456.49 1896.58 6940 2955 5920 6075.67 67450
./instancias/experimentos/i160-344_sft 13088 2113.43 1818.68 8955 2993 5952.75 6113.17 72595
./instancias/experimentos/i160-345_sft 13763 2092.74 1853.37 6697 2969 5891.75 6036.5 59546
./instancias/experimentos/i320-011_sft 1854 947.428 934.744 2141 1874 1618.83 1853.07 10910
./instancias/experimentos/i320-014_sft 1e+09 1815.57 1808 1440 -1 1576 1599 1533
./instancias/experimentos/i320-015_sft 2848 1898.85 1883.44 1660 761 1586.75 1671.83 12650
./instancias/experimentos/i320-031_sft 2873 1867 1856.51 1580 134 2095.5 2361.6 22463
./instancias/experimentos/i320-032_sft 2379 723.61 716.506 546 540 2192 2379 17544
./instancias/experimentos/i320-043_sft 1372 0.551356 0.156681 10 6 1281 1371.17 125
./instancias/experimentos/i320-111_sft 1e+09 1854.12 1830.35 448 -1 3451.5 3512.25 25976
./instancias/experimentos/i320-112_sft 1e+09 1864.02 1838.5 520 -1 3312.4 3404 21551
./instancias/experimentos/i320-113_sft 6544 1907.85 1870.5 1690 1464 3152.31 3242 24898
./instancias/experimentos/i320-114_sft 5737 1878.93 1850.13 1350 992 3238.5 3339 18466
./instancias/experimentos/i320-115_sft 5642 1860.23 1831.7 1269 704 3170 3318 18209
./instancias/experimentos/i320-135_sft 8058 1864.16 1848.29 859 537 4286.56 4344.02 26985
./instancias/experimentos/i320-141_sft 5102 2044.17 1879.51 2300 2189 2587.25 2688.5 16754
./instancias/experimentos/i320-145_sft 1e+09 1997.03 1911.99 92 -1 2620.5 2714.5 9123
./instancias/experimentos/i320-205_sft 12203 1836.96 1800.3 1922 460 8183.83 8504.5 43588
./instancias/experimentos/i320-211_sft 1e+09 1892.05 1823.23 1596 -1 6004.18 6152.67 35927
./instancias/experimentos/i320-212_sft 1e+09 1886.85 1802.9 1695 -1 6086.95 6218.3 48152
./instancias/experimentos/i320-213_sft 1e+09 1860.08 1809.72 1411 -1 5738.62 5882.24 34024
./instancias/experimentos/i320-214_sft 1e+09 1862.86 1817.14 253 -1 5913 6104.75 13804
./instancias/experimentos/i320-215_sft 1e+09 1959.61 1862.49 1692 -1 5812 5955.38 28784
./instancias/experimentos/i320-221_sft 1e+09 1929.8 677.166 1305 -1 4932.62 4953 12658
./instancias/experimentos/i320-222_sft 1e+09 1911.88 585.625 1665 -1 4939 4962 13239
./instancias/experimentos/i320-223_sft 1e+09 1950.35 907.753 1112 -1 4931 4949.5 9750
./instancias/experimentos/i320-224_sft 1e+09 1962.17 845.255 1286 -1 4937 4962 12734
./instancias/experimentos/i320-225_sft 1e+09 1933.5 689.174 1566 -1 4941 4960.5 13136
./instancias/experimentos/i320-231_sft 11360 1875.82 1842.26 1370 350 7452.25 7820 37254
./instancias/experimentos/i320-232_sft 11892 1890.61 1847.08 1780 840 7442.21 7807.41 40111
./instancias/experimentos/i320-241_sft 1e+09 2045.01 1803.49 1164 -1 5021.5 5069.5 12652
./instancias/experimentos/i320-242_sft 1e+09 2084.03 1407.18 4139 -1 5048 5194.5 42512
./instancias/experimentos/i320-243_sft 1e+09 2049.92 1739.81 621 -1 5026 5169.75 14515
./instancias/experimentos/i320-244_sft 1e+09 2053.22 1798 497 -1 5039.5 5146.25 12957
./instancias/experimentos/i320-245_sft 1e+09 2089.86 1629.38 2644 -1 5021.5 5125 30092
./instancias/experimentos/i320-305_sft 26638 1999.54 1871.17 2787 813 16903.3 17358 81207
./instancias/experimentos/i320-311_sft 1e+09 1971.09 1735.08 622 -1 12765.2 12911.5 17793
./instancias/experimentos/i320-312_sft 1e+09 1933.16 1748.32 209 -1 12450.8 12597.4 10145
./instancias/experimentos/i320-313_sft 1e+09 1993.49 1731.8 505 -1 12402.2 12520.2 19656
./instancias/experimentos/i320-314_sft 28415 2017.02 1614.31 3138 2175 12765.8 12956.5 85533
./instancias/experimentos/i320-315_sft 1e+09 2007.05 1674.92 1608 -1 12569 12706.9 52729
./instancias/experimentos/i320-321_sft 1e+09 1818.19 79.3301 699 -1 11542.5 11557.5 8310
./instancias/experimentos/i320-322_sft 1e+09 1812.06 41.358 663 -1 11538 11588.5 7231
./instancias/experimentos/i320-323_sft 1e+09 1829.15 135.107 563 -1 11556.5 11621.8 9387
./instancias/experimentos/i320-324_sft 1e+09 1836.14 185.002 600 -1 11572.8 11597 8904
./instancias/experimentos/i320-325_sft 1e+09 1815.12 51.5206 641 -1 11553 11605.2 6700
./instancias/experimentos/i320-331_sft 26738 1943.01 1708.02 5892 683 15036.5 15554 100303
./instancias/experimentos/i320-332_sft 26487 1906.62 1657.28 7035 1189 15739.3 16210 119183
./instancias/experimentos/i320-333_sft 26746 1927.6 1704.68 5353 1287 14876.8 15377.2 106482
./instancias/experimentos/i320-335_sft 26396 1899.9 1749.73 2994 600 15355 15784.2 67478
./instancias/experimentos/i320-341_sft 1e+09 1910.49 547.684 2234 -1 11724.1 11775.5 39223
./instancias/experimentos/i320-342_sft 1e+09 1922.19 670.707 1878 -1 11725.1 11764.8 31597
./instancias/experimentos/i320-343_sft 1e+09 1934.36 671.244 1976 -1 11704 11770.5 43940
./instancias/experimentos/i320-344_sft 1e+09 1932.51 741.959 1755 -1 11732 11765.2 33188
