./instancias/reduzido/i160-341_sft 7503 2058.16 1863.8 8256 233 5900.62 6152 49342
./instancias/reduzido/i160-342_sft 7571 2053 1936.36 3802 1595 5904.75 6282.25 33250
./instancias/reduzido/i160-343_sft 7560 2062.91 1789.37 12233 132 5920 6334.5 68665
./instancias/reduzido/i160-344_sft 7637 2014.87 1693.81 16450 152 5952.75 6335.5 66330
./instancias/reduzido/i160-345_sft 7356 2074.48 1915.5 6548 147 5891.75 6107 40620
./instancias/reduzido/i320-011_sft 1854 0.161413 0.039413 7 6 1618.83 1854 94
./instancias/reduzido/i320-014_sft 1858 0.176988 0.098291 11 7 1576 1858 185
./instancias/reduzido/i320-015_sft 1781 0.163172 0.034285 4 3 1586.75 1781 83
./instancias/reduzido/i320-031_sft 2577 0.331268 0.170308 14 13 2095.5 2577 310
./instancias/reduzido/i320-032_sft 2379 0.428678 0.284721 11 6 2192 2379 349
./instancias/reduzido/i320-043_sft 1372 0.387287 0.05233 5 3 1281 1372 65
./instancias/reduzido/i320-111_sft 4241 0.539282 0.143269 26 25 3451.5 4241 444
./instancias/reduzido/i320-112_sft 3674 0.799122 0.181177 13 12 3312.4 3674 625
./instancias/reduzido/i320-113_sft 3742 2.41473 1.49706 21 19 3152.31 3742 1154
./instancias/reduzido/i320-114_sft 3758 0.588536 0.137755 17 16 3238.5 3758 428
./instancias/reduzido/i320-115_sft 4138 178.482 160.966 4058 3582 3170 4137.12 8834
./instancias/reduzido/i320-135_sft 5573 2.33944 1.61131 33 30 4286.56 5573 1360
./instancias/reduzido/i320-141_sft 3278 39.6976 10.0977 1168 26 2587.25 3277.5 3218
./instancias/reduzido/i320-145_sft 3303 1928.65 1869.47 458 24 2620.5 3202 9264
./instancias/reduzido/i320-205_sft 10479 0.741846 0.148174 50 49 8183.83 10479 1172
./instancias/reduzido/i320-211_sft 7582 26.5775 18.5094 339 41 6004.18 7582 4536
./instancias/reduzido/i320-212_sft 7746 2.96894 0.681619 34 33 6086.95 7746 1805
./instancias/reduzido/i320-213_sft 7176 46.7419 23.5386 2952 35 5738.62 7176 7910
./instancias/reduzido/i320-214_sft 7662 3.31337 0.95349 38 37 5913 7662 1805
./instancias/reduzido/i320-215_sft 7937 92.2888 79.6938 195 44 5812 7937 4840
./instancias/reduzido/i320-221_sft 5119 466.892 13.1766 1053 223 4932.62 5118.08 3212
./instancias/reduzido/i320-222_sft 5103 79.0107 2.27692 182 119 4939 5103 669
./instancias/reduzido/i320-223_sft 5050 43.6269 1.27853 110 80 4931 5050 444
./instancias/reduzido/i320-224_sft 5045 93.1658 2.19088 148 104 4937 5045 525
./instancias/reduzido/i320-225_sft 5099 111.078 3.18693 252 159 4941 5099 904
./instancias/reduzido/i320-231_sft 9711 2.85505 1.38341 53 52 7452.25 9711 2690
./instancias/reduzido/i320-232_sft 9640 4.94456 3.12619 48 47 7442.21 9640 3052
./instancias/reduzido/i320-241_sft 6266 1942.7 1776.43 692 145 5021.5 5172 8886
./instancias/reduzido/i320-242_sft 6419 1973.5 1171.12 9723 134 5048 5410.17 47406
./instancias/reduzido/i320-243_sft 6238 1957.46 1562.59 3915 121 5026 5302.5 22519
./instancias/reduzido/i320-244_sft 6217 2119.67 1841.18 1250 96 5039.5 5244.88 20245
./instancias/reduzido/i320-245_sft 5878 2004.56 1491.73 6639 72 5021.5 5315.5 28873
./instancias/reduzido/i320-305_sft 22598 3.96616 0.590547 106 105 16903.3 22598 3766
./instancias/reduzido/i320-311_sft 19287 2020.03 1770.43 2963 556 12765.2 13313 54456
./instancias/reduzido/i320-312_sft 18214 1999.13 1676.9 3849 166 12450.8 13734.3 79248
./instancias/reduzido/i320-313_sft 18028 1963.28 1713.1 3100 110 12402.2 14416.5 92410
./instancias/reduzido/i320-314_sft 18427 1989.15 1678.49 4425 1961 12765.8 13981.5 68762
./instancias/reduzido/i320-315_sft 18011 1967.3 1744.06 3338 958 12569 15096.9 65607
./instancias/reduzido/i320-321_sft 1e+09 1815.68 69.9136 971 -1 11542.5 11564.5 7516
./instancias/reduzido/i320-322_sft 1e+09 1809.67 45.8485 856 -1 11538 11589 6930
./instancias/reduzido/i320-323_sft 1e+09 1815.62 65.789 961 -1 11556.5 11621.8 7367
./instancias/reduzido/i320-324_sft 1e+09 1812.9 56.0376 924 -1 11572.8 11593.5 7101
./instancias/reduzido/i320-325_sft 11959 1815.3 62.1413 1027 888 11553 11604 7882
./instancias/reduzido/i320-331_sft 21853 5.51069 0.999738 125 122 15036.5 21853 5031
./instancias/reduzido/i320-332_sft 21477 49.3188 27.6954 2240 1839 15739.3 21476.1 17036
./instancias/reduzido/i320-333_sft 21002 4.90226 0.614774 106 105 14876.8 21002 4747
./instancias/reduzido/i320-335_sft 21559 1840.64 1580.64 20633 9353 15355 20632.5 98559
./instancias/reduzido/i320-341_sft 15612 1915.8 613.986 3334 854 11724.1 11853 41242
./instancias/reduzido/i320-342_sft 15133 1949.49 814.882 2801 829 11725.1 11840 37339
./instancias/reduzido/i320-343_sft 14851 1897.78 512.274 3782 497 11704 11882.8 40901
