./instancias/reduzido/i160-341_sft 13081 2146.64 1895.5 6910 5824 5900.62 6057.25 65854
./instancias/reduzido/i160-342_sft 12822 2093.26 1830.95 7181 5806 5904.75 6097.5 62723
./instancias/reduzido/i160-343_sft 13622 6462.76 1902.92 6995 2955 5920 6075.67 67908
./instancias/reduzido/i160-344_sft 13088 2121.89 1824.06 9097 2993 5952.75 6115.17 73173
./instancias/reduzido/i160-345_sft 13763 2103.7 1864.43 6742 2969 5891.75 6036.5 59990
./instancias/reduzido/i320-011_sft 1854 896.266 883.828 2141 1874 1618.83 1853.07 10910
./instancias/reduzido/i320-014_sft 1e+09 1814.76 1806.83 1471 -1 1576 1599 1533
./instancias/reduzido/i320-015_sft 2848 1902.24 1881.92 1660 761 1586.75 1671.83 12493
./instancias/reduzido/i320-031_sft 2873 1869.14 1858.28 1604 134 2095.5 2363.97 22666
./instancias/reduzido/i320-032_sft 2379 795.544 787.999 546 540 2192 2379 17544
./instancias/reduzido/i320-043_sft 1372 0.66862 0.183745 10 6 1281 1371.17 125
./instancias/reduzido/i320-111_sft 1e+09 1854.2 1829.96 439 -1 3451.5 3512.25 25359
./instancias/reduzido/i320-112_sft 1e+09 1855.38 1829.26 520 -1 3312.4 3404 21111
./instancias/reduzido/i320-113_sft 6544 1919.26 1880.35 1654 1464 3152.31 3242 24059
./instancias/reduzido/i320-114_sft 5737 1890.55 1858.35 1276 992 3238.5 3339 17470
./instancias/reduzido/i320-115_sft 5642 1860.53 1830.02 1239 704 3170 3318 17655
./instancias/reduzido/i320-135_sft 8058 1869.74 1853.54 861 537 4286.56 4344.02 27939
./instancias/reduzido/i320-141_sft 5102 2049.93 1886.39 2304 2189 2587.25 2688.5 16844
./instancias/reduzido/i320-145_sft 1e+09 2002.44 1917.13 92 -1 2620.5 2714.5 9136
./instancias/reduzido/i320-205_sft 12203 1838.68 1801.92 1964 460 8183.83 8504.5 44253
./instancias/reduzido/i320-211_sft 1e+09 1895 1826.91 1622 -1 6004.18 6152.67 36693
./instancias/reduzido/i320-212_sft 1e+09 1890.5 1805.16 1695 -1 6086.95 6218.3 49792
./instancias/reduzido/i320-213_sft 1e+09 1863.41 1811.85 1418 -1 5738.62 5882.24 34697
./instancias/reduzido/i320-214_sft 1e+09 1864.95 1817.29 253 -1 5913 6104.75 13912
./instancias/reduzido/i320-215_sft 1e+09 1964.64 1866.81 1722 -1 5812 5955.38 29399
./instancias/reduzido/i320-221_sft 1e+09 1921.3 611.199 1215 -1 4932.62 4953 11879
./instancias/reduzido/i320-222_sft 1e+09 1912.36 573.997 1635 -1 4939 4962 12785
./instancias/reduzido/i320-223_sft 1e+09 1959.39 939.031 1163 -1 4931 4949.5 10011
./instancias/reduzido/i320-224_sft 1e+09 1935.12 688.116 1203 -1 4937 4962 11769
./instancias/reduzido/i320-225_sft 1e+09 1916.15 584.576 1463 -1 4941 4960.5 12251
./instancias/reduzido/i320-231_sft 11360 1856.28 1819.43 1366 350 7452.25 7820 36389
./instancias/reduzido/i320-232_sft 11892 1909.77 1866.01 1786 840 7442.21 7807.41 40269
./instancias/reduzido/i320-241_sft 1e+09 2053.4 1813.31 1205 -1 5021.5 5069.5 12956
./instancias/reduzido/i320-242_sft 1e+09 2089.25 1436.69 4263 -1 5048 5194.5 44949
./instancias/reduzido/i320-243_sft 1e+09 2054.02 1747.22 621 -1 5026 5169.75 14711
./instancias/reduzido/i320-244_sft 1e+09 2059.5 1801.58 505 -1 5039.5 5146.25 13074
./instancias/reduzido/i320-245_sft 1e+09 2096.97 1637.95 2687 -1 5021.5 5125 30396
./instancias/reduzido/i320-305_sft 26638 1966.08 1821.15 3821 813 16903.3 17418.7 95287
./instancias/reduzido/i320-311_sft 1e+09 1980.77 1743.33 622 -1 12765.2 12911.5 17835
./instancias/reduzido/i320-312_sft 1e+09 1924.98 1737.04 205 -1 12450.8 12597.4 10103
./instancias/reduzido/i320-313_sft 1e+09 1977.42 1702.74 456 -1 12402.2 12520.2 17922
./instancias/reduzido/i320-314_sft 28415 2017.06 1606.43 3082 2175 12765.8 12956.5 84081
./instancias/reduzido/i320-315_sft 1e+09 2011.1 1663.3 1608 -1 12569 12706.9 51602
./instancias/reduzido/i320-321_sft 1e+09 1820.14 86.1756 745 -1 11542.5 11557.5 8617
./instancias/reduzido/i320-322_sft 1e+09 1813.31 47.7234 672 -1 11538 11588.5 7812
./instancias/reduzido/i320-323_sft 1e+09 1829.03 141.694 590 -1 11556.5 11621.8 9502
./instancias/reduzido/i320-324_sft 1e+09 1835.84 193.639 627 -1 11572.8 11597 9151
./instancias/reduzido/i320-325_sft 1e+09 1814.91 53.0291 672 -1 11553 11605.2 6906
./instancias/reduzido/i320-331_sft 26738 1922.81 1683.98 6124 683 15036.5 15555.5 102797
./instancias/reduzido/i320-332_sft 26487 1918.78 1666.74 7267 1189 15739.3 16214.1 122224
./instancias/reduzido/i320-333_sft 26746 1961.8 1741.61 5382 1287 14876.8 15377.2 106816
./instancias/reduzido/i320-335_sft 26396 1890.75 1738.84 3097 600 15355 15789.2 68840
./instancias/reduzido/i320-341_sft 1e+09 1910.26 552.256 2262 -1 11724.1 11775.5 39834
./instancias/reduzido/i320-342_sft 1e+09 1924.71 680.85 1911 -1 11725.1 11764.8 31957
./instancias/reduzido/i320-343_sft 1e+09 1936.34 683.632 2035 -1 11704 11770.5 45236
